format: id ady weight
# elapsed time (build_matrix): 4.2974e-05s
format: id ady weight
# elapsed time (build_matrix): 2.0585e-05s
Node 1: (1,200) (2,200) (3,100) (799975,100) 
Node 7: (5,200) (7,200) (8,100) (9,200) (10,100) (39,100) 
Node 15: (5,100) (7,100) (8,100) (10,100) (11,100) (13,100) (15,100) (16,100) (39,100) (13986,100) (99249,100) (436885,100) (453459,100) (470457,100) (488718,100) (559703,100) (559704,100) (559721,100) (742475,100) (780216,100) 
Node 9: (4,100) (5,500) (6,100) (7,300) (8,300) (9,700) (10,300) (11,300) (12,100) (13,200) (14,200) (16,100) (17,100) (20,100) (21,100) (39,400) (65,100) (66,100) (67,100) (71,100) (165548,100) (165558,100) (265337,100) (265384,100) (283861,100) (368352,100) (404330,100) (433609,100) (572128,100) (595749,100) (595781,100) (680785,100) (708646,100) (749291,100) (774579,100) (787018,100) (798415,100) (803534,100) 
Node 11: (5,100) (9,100) (11,200) (14,100) (39,100) (65,100) (66,100) (67,100) (71,100) (265337,100) (265384,100) (404330,100) 
Node 5: (5,800) (7,200) (8,200) (9,400) (10,200) (11,100) (13,100) (14,100) (39,500) (65,100) (66,100) (67,100) (71,100) (265337,100) (265384,100) (404330,100) (572128,100) (749291,100) (787018,100) (803534,100) 
Node 13: (4,100) (5,100) (6,100) (7,100) (8,100) (9,100) (10,100) (11,100) (12,100) (13,200) (14,100) (17,100) (20,100) (21,100) (39,200) (165548,100) (165558,100) (283861,100) (368352,100) (433609,100) (572128,200) (595749,100) (595781,100) (680785,100) (708646,100) (749291,200) (774579,100) (787018,200) (798415,100) (803534,200) 
Node 3: (1,100) (2,200) (3,200) (799975,100) 
Node 2: (1,100) (2,200) (3,100) (799975,200) 
Node 8: (5,200) (7,100) (8,200) (9,200) (10,100) (39,100) 
Node 4: (4,100) (6,100) (7,100) (8,100) (9,100) (10,100) (11,100) (12,100) (13,100) (14,100) (17,100) (20,100) (21,100) (39,100) (165548,100) (165558,100) (283861,100) (368352,100) (433609,100) (572128,100) (595749,100) (595781,100) (680785,100) (708646,100) (749291,100) (774579,100) (787018,100) (798415,100) (803534,100) 
Node 10: (5,200) (7,100) (8,100) (9,200) (10,200) (11,100) 
Node 6: (4,100) (6,100) (7,100) (8,100) (9,100) (10,100) (11,200) (12,100) (13,100) (14,100) (17,100) (20,100) (21,100) (39,100) (165548,100) (165558,100) (283861,100) (368352,100) (433609,100) (572128,100) (595749,100) (595781,100) (680785,100) (708646,100) (749291,100) (774579,100) (787018,100) (798415,100) (803534,100) 
Node 12: (4,100) (6,100) (7,100) (8,100) (9,100) (10,100) (11,200) (12,100) (13,100) (14,100) (17,100) (20,100) (21,100) (39,100) (165548,100) (165558,100) (283861,100) (368352,100) (433609,100) (572128,100) (595749,100) (595781,100) (680785,100) (708646,100) (749291,100) (774579,100) (787018,100) (798415,100) (803534,100) 
Node 14: (4,100) (5,100) (6,100) (7,100) (8,100) (9,200) (10,100) (11,300) (12,100) (13,100) (14,200) (17,100) (20,100) (21,100) (39,200) (65,100) (66,100) (67,100) (71,100) (165548,100) (165558,100) (265337,100) (265384,100) (283861,100) (368352,100) (404330,100) (433609,100) (572128,100) (595749,100) (595781,100) (680785,100) (708646,100) (749291,100) (774579,100) (787018,100) (798415,100) (803534,100) 
# elapsed time (mult): 0.0539299s
