format: id ady weight
# elapsed time (build_matrix): 2.58182s
format: id ady weight
# elapsed time (build_matrix): 2.65157s
# elapsed time (one): 4.1e-08s
# elapsed time (transpose): 0.544577s
1
466631
116659
817512
699945
233317
583288
349974
116660
233318
2
583289
466632
349975
3
817513
583290
233319
116661
466633
4
583291
233320
817514
699946
5
116662
349976
233321
583292
116663
466634
699947
817515
233322
583293
349977
116664
233323
699948
116665
817516
233324
466635
116666
817517
349978
466636
699949
116667
233325
349979
6
817518
7
116668
233326
583294
8
817519
9
233327
583295
349980
116669
817520
699950
583296
466637
116670
233328
817521
349981
583297
10
11
349982
699951
116671
583298
466638
12
817522
349983
13
699952
583299
233329
466639
349984
116672
583300
14
699953
233330
817523
349985
116673
233331
583301
15
817524
466640
16
349986
116674
233332
583302
17
817525
466641
233333
699954
18
116675
466642
583303
19
116676
817526
233334
699955
20
466643
583304
21
116677
233335
817528
22
116678
583305
233336
817529
116679
23
466644
116680
817530
233337
24
583306
349987
699956
116681
233338
25
466645
349988
817531
116682
583307
349989
699957
26
466646
27
817532
583308
116683
466647
349990
233339
116684
28
349991
466648
116685
583309
233340
29
699958
817533
466649
30
583310
233341
31
116686
817534
466650
32
233342
349992
583311
817536
466651
33
583312
233343
349993
34
817537
466652
699959
583313
233344
349994
466653
583314
817538
116687
35
349995
817540
466654
583315
36
699960
233345
817541
466655
349996
233346
583316
37
116688
817542
699961
233347
38
466656
233348
116689
349997
39
583317
466657
699962
817543
116690
349998
233349
583318
466658
116691
817544
233350
466659
349999
466660
583319
817546
116692
350000
466661
233351
817547
699963
40
233352
350001
583320
817548
116693
466662
233353
41
817549
116694
583321
466663
350002
817550
42
466664
583322
350003
466665
43
817551
116695
583323
233354
466666
350004
699964
116696
44
817552
583324
233355
116697
466667
817553
350005
699965
116698
583325
817554
116699
699966
466668
116700
350006
45
466669
817555
583326
116701
699967
46
466670
817556
47
116702
699968
583327
350007
466671
817557
116703
48
49
350008
116704
233356
466672
817558
583328
50
699969
116705
51
350009
466673
583329
817559
233357
116706
52
350010
699970
466674
583330
233358
817560
116707
53
350011
583331
116708
466675
233359
54
817561
699971
350012
55
817562
583332
699972
466676
233360
56
583333
57
699973
817563
350013
466677
116709
58
817564
233361
699974
59
350014
817565
466678
60
116710
350015
61
817567
466679
699975
62
350016
583334
233362
63
817568
466680
350017
583335
64
233363
817569
466681
116711
699976
583336
350018
65
466682
817570
66
116712
350019
67
466683
233364
699977
817571
116713
466684
583337
817572
68
233365
116714
466685
699978
466686
69
233366
116715
817574
699979
583338
233367
70
466687
350020
466688
583339
817575
71
233368
699980
466689
116716
817576
233369
350021
583340
699981
466690
72
233370
73
817577
116717
466691
233371
699982
350022
583341
233372
74
466692
817578
699983
233373
466693
817579
116718
75
233374
466694
583342
699984
350023
233375
817581
76
466695
699985
116719
583343
233376
466696
817582
699986
466697
77
583344
350024
116720
233377
699987
466698
817583
78
583345
466699
233378
116721
699988
350025
817585
233379
466700
116722
583346
233380
79
699989
116723
817586
350026
466701
583347
233381
817587
583348
80
116724
233382
583349
350027
817588
116725
699990
233383
350028
466702
233384
817589
583350
116726
350029
233385
466703
699991
817590
233386
350030
233387
817591
466704
699992
350031
81
466705
233388
116727
817592
350032
82
116728
233389
699993
466706
817593
350033
583351
233390
817594
350034
116729
466707
233391
583352
83
116730
233392
84
817595
699994
583353
350035
466708
699995
583354
350036
85
116731
466709
233393
817596
583355
350037
699996
86
466710
233394
583356
350038
466711
87
699997
116732
88
233395
817597
350039
583357
466712
350040
233396
466713
583358
116733
817598
89
233397
350041
583359
116734
233398
350042
116735
466714
90
817599
350043
116736
233399
583360
91
233400
699998
350044
116737
116738
466715
350045
699999
583361
817600
233401
350046
116739
92
466716
350047
700000
817601
116740
583362
350048
817602
466717
233402
93
116741
350049
817603
94
233403
116742
350050
466718
95
233404
116743
817604
350051
96
233405
466719
116744
233406
350052
97
466720
817605
233407
700001
116745
350053
583363
817606
466721
116746
98
700002
583364
350054
817607
116747
700003
99
817608
350055
116748
466722
233408
817609
100
700004
116749
233409
466723
583365
817610
101
700005
233410
817611
102
583366
350056
116750
466724
233411
700006
103
817612
350057
583367
104
233412
583368
466725
116751
700007
350058
817613
583369
233413
105
466726
350059
700008
583370
233414
116752
106
350060
466727
817614
700009
116753
233415
583371
107
350061
233416
108
700010
350062
817615
466728
116754
109
233417
350063
110
817616
583372
233418
700011
350064
466729
116755
233419
233420
700012
350065
817617
466730
111
116756
583373
350066
817618
116757
583374
700013
817620
233421
466731
116758
350067
233422
116759
466732
817621
583375
233423
350068
116760
817622
466733
233424
583376
700014
112
817623
350069
116761
233425
583377
700015
350070
466734
817624
113
116762
233426
583378
700016
233427
350071
116763
114
583379
466735
233428
817625
116764
233429
583380
115
817626
700017
466736
116
583381
350072
117
817627
700018
233430
583382
116765
350073
118
466737
700019
817628
583383
233431
466738
119
583384
350074
116766
817629
233432
700020
120
583385
817630
466739
116767
350075
583386
121
817631
233433
700021
583387
350076
116768
466740
817632
122
350077
233434
116769
817633
583388
817634
116770
583389
350078
700022
466741
583390
817635
700023
466742
350079
123
817636
583391
233435
124
817637
583392
466743
350080
700024
125
466744
817638
583393
116771
583394
817639
466745
583395
817640
700025
466746
233436
126
583396
700026
817641
466747
127
116772
583397
466748
700027
116773
583398
817642
466749
128
233437
583399
583400
700028
817643
233438
466750
583401
700029
129
466751
350081
116774
583402
116775
350082
583403
817644
233439
350083
130
116776
583404
466752
700030
350084
583405
116777
233440
131
583406
700031
350085
817645
466753
116778
466754
132
350086
233441
116779
466755
350087
700032
233442
116780
817646
466756
700033
350088
133
116781
233443
817648
466757
134
583407
350089
116782
135
233444
466758
817649
136
700034
583408
350090
137
116783
817650
233445
350091
466759
350092
817651
700035
138
116784
583409
466760
233446
139
817653
350093
116785
700036
466761
140
817654
233447
583410
141
817656
142
350094
233448
700037
583411
817657
143
350095
116786
233449
817658
583412
350096
116787
144
116788
817659
583413
700038
116789
350097
233450
466762
817660
145
583414
350098
116790
817661
466763
233451
350099
700039
583415
817662
350100
146
233452
116791
817663
583416
466764
700040
350101
116792
466765
583417
817664
233453
350102
116793
147
817665
466766
233454
116794
350103
817666
466767
148
116795
350104
700041
233455
466768
817667
116796
350105
149
817668
116797
583418
700042
466769
350106
233456
583419
817669
116798
700043
583420
350107
817674
466770
233457
583421
116799
817675
150
583422
700044
233458
350108
817676
151
116800
466771
583423
350109
233459
116801
817677
700045
583424
350110
466772
116802
817678
152
583425
233460
466773
350111
700046
817679
583426
116803
350112
466774
153
233461
466775
817680
583427
116804
700047
233462
583428
466776
116805
116806
350113
817681
233463
583429
116807
466777
350114
116808
583430
233464
817682
154
116809
700048
466778
583431
116810
233465
817683
700049
583432
350115
233466
116811
466779
817684
233467
700050
583433
350116
233468
466780
583434
817685
700051
155
350117
116812
583435
466781
817686
116813
156
233469
116814
583436
466782
157
700052
817687
233470
116815
583437
158
116816
350118
817688
466783
233471
700053
350119
233472
116817
583438
817689
700054
233473
159
466784
350120
700055
116818
233474
817690
583439
350121
583440
116819
466785
817691
350122
700056
233475
160
466786
583441
233476
817692
116820
583442
350123
233477
466787
817693
116821
161
233478
116822
466788
817694
233479
466789
116823
350124
162
233480
700057
466790
163
116824
233481
817695
466791
583443
817696
116825
233482
164
466792
583444
233483
817697
350125
116826
466793
165
817698
583445
817699
350126
116827
233484
166
233485
583446
817700
466794
233486
350127
817703
116828
233487
466795
167
583447
466796
233488
700058
116829
817704
168
466797
700059
350128
116830
583448
233489
817705
169
466798
233490
170
583449
116831
171
817706
583450
116832
233491
350129
116833
466799
583451
233492
172
116834
583452
700060
817707
116835
350130
233493
700061
583453
173
116836
233494
466800
350131
700062
174
583454
817708
116837
350132
233495
466801
175
116838
583455
350133
817709
700063
116839
466802
233496
176
350134
583456
817710
700064
116840
466803
583457
350135
116841
233497
817711
116842
817712
350136
700065
233498
583458
466804
817713
116843
350137
233499
466805
116844
583459
817714
116845
817715
116846
583460
466806
700066
116847
233500
817716
583461
350138
700067
817717
466807
116848
233501
116849
350139
700068
817718
466808
350140
233502
116850
700069
817719
116851
583462
233503
466809
817721
350141
583463
700070
350142
466810
817722
233504
583464
700071
177
350143
116852
817723
466811
233505
178
700072
179
116853
583465
817724
466812
180
700073
116854
583466
116855
817725
233506
181
583467
466813
116856
233507
583468
466814
583469
116857
233508
817726
700074
182
466815
233509
583470
183
233510
466816
116858
817727
583471
233511
466817
233512
184
817728
583472
116859
700075
466818
233513
583473
817729
466819
350144
185
817730
233514
116860
700076
350145
817731
116861
233515
466820
350146
817734
186
233516
116862
466821
350147
583474
700077
233517
817735
187
583475
116863
350148
466822
233518
700078
116864
817736
583476
188
350149
233519
466823
583477
817737
116865
350150
700079
233520
583478
466824
817738
116866
189
233521
190
466825
817739
583479
191
700080
233522
466826
817740
583480
192
700081
233523
116867
350151
233524
583481
700082
116868
350152
817741
466827
583482
193
116869
350153
233525
817742
583483
700083
350154
194
233526
583484
817743
195
116870
466828
350155
196
700084
116871
233527
583485
466829
350156
197
817744
116872
700085
233528
583486
466830
350157
116873
817745
233529
198
700086
583487
466831
233530
817746
350158
583488
700087
116874
199
233531
350159
817747
583489
200
233532
466832
817748
233533
350160
700088
466833
201
817749
583490
350161
233534
202
817750
583491
116875
350162
466834
700089
116876
583492
817751
350163
116877
203
233535
583493
466835
350164
817752
116878
700090
233536
583494
204
350165
817753
466836
233537
116879
583495
700091
116880
205
233538
817754
466837
583496
116881
350166
233539
817755
206
583497
233540
116882
700092
817756
466838
350167
233541
817757
466839
583498
116883
350168
207
116884
817758
583499
208
700093
116885
350169
583500
817759
466840
233542
116886
700094
350170
233543
817760
466841
209
116887
817761
466842
210
700095
233544
350171
817762
116888
233545
466843
350172
817763
211
700096
116889
583501
466844
233546
817764
350173
212
583502
466845
817765
583503
350174
466846
233547
817766
700097
583504
350175
466847
350176
817767
213
583505
700098
214
350177
817768
350178
583506
466848
817769
233548
583507
350179
116890
215
817770
466849
233549
116891
583508
116892
817771
216
583509
817772
466850
233550
350180
217
583510
116893
817773
466851
350181
116894
817774
583511
233551
817775
466852
233552
350182
817776
218
233553
116895
466853
350183
583512
817777
233554
219
350184
466854
817778
583513
233555
116896
220
817779
350185
583514
466855
233556
700099
817780
221
583515
466856
350186
817781
222
583516
700100
466857
817783
116897
233557
350187
223
817784
466858
700101
583517
224
116898
225
233558
817785
350188
583518
466859
226
700102
116899
227
817786
350189
583519
466860
700103
817787
350190
233559
583520
466861
817788
228
116900
350191
233560
583521
817789
229
233561
350192
230
583522
116901
817790
233562
231
350193
466862
116902
232
817791
583523
350194
116903
466863
817792
233563
233
583524
116904
700104
234
817793
235
466864
583525
236
116905
817794
700105
350195
583526
466865
817795
116906
583527
700106
350196
116907
817796
466866
233564
116908
700107
350197
583528
817797
466867
700108
233565
817798
583529
466868
116909
350198
233566
237
700109
817799
583530
238
233567
350199
817800
116910
700110
239
233568
583531
817801
240
700111
817802
583532
116911
241
233569
583533
700112
817803
233570
466869
700113
583534
817804
242
466870
233571
583535
700114
243
350200
817805
116912
466871
233572
244
700115
350201
583536
116913
817807
233573
466872
245
350202
116914
583537
817808
700116
350203
466873
233574
246
583538
817810
116915
466874
350204
817811
700117
233575
247
583539
466875
817812
116916
350205
233576
700118
248
583540
817813
466876
350206
249
116917
817814
700119
233577
583541
583542
466877
250
817815
116918
350207
700120
116919
583543
817816
466878
233578
350208
583544
817817
700121
233579
350209
466879
583545
817818
233580
251
700122
252
583546
466880
817819
253
254
700123
233581
116920
817820
255
583547
350210
256
583548
350211
466881
257
817821
700124
116921
233582
258
583549
350212
259
700125
817822
116922
260
583550
261
116923
700126
350213
817823
262
233583
263
817824
350214
116924
583551
700127
264
233584
817825
265
583552
116925
350215
700128
233585
466882
817826
266
583553
116926
350216
700129
817827
267
583554
350217
233586
116927
268
700130
817828
233587
350218
466883
583555
269
116928
350219
233588
270
817829
583556
116929
700131
271
583557
233589
466884
817830
700132
272
273
116930
274
700133
350220
275
466885
233590
817831
116931
233591
350221
583558
276
817832
233592
700134
583559
466886
277
116932
116933
817833
583560
700135
278
350222
279
583561
817835
700136
466887
280
350223
281
583562
817836
350224
700137
583563
233593
466888
817838
350225
233594
583564
700138
233595
282
350226
817839
233596
283
350227
700139
233597
817840
284
583565
466889
700140
233598
285
350228
583566
817841
286
233599
700141
466890
350229
583567
817842
700142
233600
287
350230
288
116934
700143
583568
817843
289
233601
116935
350231
700144
290
583569
233602
466891
817844
350232
700145
116936
291
233603
700146
817845
116937
292
700147
116938
817846
350233
700148
233604
817847
116939
700149
293
350234
583570
233605
817848
116940
294
700150
817849
583571
233606
350235
116941
817850
466892
583572
350236
116942
233607
295
296
350237
233608
817851
297
298
583573
466893
350238
116943
233609
299
817852
233610
300
350239
583574
301
583575
233611
817853
350240
116944
233612
302
466894
233613
350241
817854
303
233614
116945
350242
304
233615
305
817855
306
350243
233616
116946
583576
817856
233617
350244
583577
466895
233618
116947
307
817857
233619
350245
308
583578
233620
309
350246
310
116948
817858
700151
583579
350247
311
466896
700152
817859
116949
583580
350248
700153
312
583581
817860
350249
233621
116950
466897
700154
313
233622
350250
817861
583582
314
116951
233623
700155
350251
315
817862
233624
466898
700156
583583
116952
350252
316
233625
817863
317
700157
350253
116953
817864
233626
318
583584
466899
350254
817865
700158
319
233627
116954
583585
320
350255
817866
233628
700159
350256
583586
817867
116955
466900
321
233629
350257
700160
817868
233630
322
116956
583587
700161
233631
817869
700162
116957
233632
583588
466901
817870
323
116958
350258
700163
233633
116959
583589
233634
350259
700164
817871
233635
324
116960
233636
325
350260
817872
116961
700165
326
116962
817873
233637
583590
350261
116963
700166
233638
583591
817874
233639
350262
700167
116964
583592
350263
233640
817875
466902
116965
350264
233641
817876
327
700168
350265
233642
116966
700169
817877
350266
233643
583593
700170
116967
817878
350267
328
233644
583594
116968
329
817879
700171
233645
330
583595
350268
116969
331
817880
332
700172
350269
233646
333
817881
116970
466903
350270
583596
233647
817882
334
700173
466904
116971
350271
583597
335
466905
116972
233648
817883
350272
700174
583598
336
116973
466906
233649
350273
700175
337
583599
116974
233650
350274
817884
700176
466907
338
817886
233651
350275
583600
700177
466908
350276
233652
116975
817887
583601
339
233653
350277
466909
817888
700178
116976
340
583602
350278
233654
341
466910
700179
116977
817889
583603
817890
342
233655
350279
700180
116978
343
817891
583604
466911
233656
350280
116979
817892
700181
116980
344
466912
233657
700182
350281
583605
817893
116981
233658
345
466913
700183
583606
350282
700184
817894
233659
116982
583607
466914
350283
233660
583608
466915
116983
346
350284
817895
116984
583609
466916
347
583610
466917
348
817896
116985
583611
350285
349
466918
233661
116986
817897
466919
116987
583612
350286
350
233662
817898
116988
583613
700185
350287
351
116989
466920
583614
817899
116990
352
350288
700186
233663
466921
116991
353
583615
817900
116992
233664
354
583616
355
817901
466922
356
700187
233665
350289
116993
466923
817902
357
233666
583617
358
116994
700188
466924
350290
817903
116995
583618
233667
817904
116996
116997
700189
583619
466925
359
233668
116998
350291
116999
360
817905
700190
233669
117000
361
700191
233670
362
583620
817906
700192
583621
350292
117001
817907
233671
700193
117002
583622
466926
363
350293
233672
817908
700194
350294
364
583623
233673
466927
817909
365
700195
583624
233674
366
233675
367
817910
368
466928
369
350295
583625
817911
700196
370
583626
466929
371
700197
233676
817912
372
700198
817913
373
350296
583627
233677
466930
817914
700199
374
583628
117003
350297
233678
817915
466931
375
117004
583629
700200
350298
376
233679
117005
700201
350299
377
817916
233680
117006
466932
700202
378
233681
350300
117007
817917
583630
700203
117008
379
817918
233682
117009
350301
700204
817919
233683
466933
380
350302
583631
700205
817920
350303
233684
381
117010
583632
817921
117011
700206
466934
382
350304
817922
700207
583633
350305
117012
466935
383
817923
350306
583634
700208
117013
384
350307
817924
466936
700209
117014
583635
233685
350308
817925
117015
583636
385
700210
350309
233686
466937
817926
117016
583637
386
233687
350310
700211
117017
387
817927
466938
233688
350311
700212
388
583638
233689
817928
350312
466939
700213
389
817929
350313
466940
233690
117018
583639
390
817930
233691
700214
350314
466941
583640
233692
817931
350315
391
466942
700215
392
117019
817933
117020
233693
350316
393
583641
394
817934
350317
700216
233694
395
117021
700217
817935
466943
396
117022
350318
466944
583642
233695
700218
817936
397
117023
350319
817937
466945
700219
583643
233696
466946
817938
117024
398
466947
399
583644
817939
233697
117025
400
466948
350320
233698
583645
117026
817940
401
466949
350321
117027
233699
466950
817941
117028
233700
402
350322
466951
117029
817942
583646
403
350323
817943
583647
233701
404
700220
350324
405
117030
233702
817944
700221
350325
406
233703
583648
117031
407
350326
817945
233704
408
583649
466952
817946
233705
117032
409
466953
583650
817947
233706
700222
117033
583651
817948
350327
700223
233707
817949
117034
350328
583652
700224
117035
817951
233708
350329
117036
817952
233709
700225
350330
410
466954
233710
817953
350331
466955
583653
233711
117037
466956
817954
350332
700226
466957
233712
233713
817955
350333
117038
411
700227
412
583654
817956
350334
413
233714
700228
117039
233715
350335
414
817957
700229
415
233716
583655
117040
817958
416
350336
817960
233717
417
350337
418
117041
350338
117042
583656
817961
817962
233718
419
117043
583657
700230
420
817963
117044
233719
466958
421
117045
583658
422
817964
233720
700231
117046
233721
817965
466959
117047
233722
583659
817966
117048
233723
466960
117049
817969
700232
423
233724
117050
233725
466961
817970
700233
424
350339
117051
817971
466962
233726
117052
583660
700234
350340
817972
233727
466963
117053
425
817974
700235
117054
466964
350341
233728
700236
117055
817975
350342
426
466965
233729
117056
350343
233730
700237
466966
427
817976
233731
350344
117057
583661
700238
817977
466967
117058
428
700239
233732
429
350345
700240
817978
117059
350346
466968
430
700241
117060
350347
817981
700242
233733
431
466969
117061
817982
583662
700243
233734
350348
817983
117062
583663
233735
432
817984
117063
700244
583664
817985
466970
233736
433
350349
700245
117064
233737
817986
350350
583665
434
117065
700246
466971
233738
350351
817987
117066
435
700247
233739
817988
436
583666
350352
700248
817989
437
117067
466972
233740
438
817990
117068
700249
233741
439
583667
817991
440
233742
350353
817992
441
583668
117069
233743
817994
466973
233744
817995
117070
700250
442
817997
443
233745
817998
350354
117071
700251
444
817999
233746
466974
445
233747
818000
117072
700252
446
233748
233749
818001
350355
700253
117073
466975
233750
818002
447
233751
700254
448
466976
350356
818003
117074
449
466977
700255
233752
466978
700256
233753
818004
450
117075
466979
350357
583669
700257
451
818005
233754
117076
583670
452
700258
466980
117077
233755
453
818007
350358
583671
117078
454
700259
233756
455
818008
466981
233757
583672
350359
117079
818010
700260
233758
818011
117080
583673
700261
456
350360
818012
457
233759
700262
458
583674
818016
117081
233760
459
700263
460
350361
583675
818017
466982
461
700264
233761
350362
583676
462
463
818018
117082
700265
233762
466983
583677
350363
818019
583678
117083
233763
350364
466984
464
233764
818020
117084
465
583679
466
233765
466985
818023
700266
467
233766
350365
583680
468
117085
466986
700267
818024
233767
469
700268
233768
350366
470
466987
583681
700269
117086
818028
233769
350367
471
233770
818029
472
466988
117087
583682
233771
700270
818030
350368
117088
466989
233772
583683
818031
233773
700271
473
818032
350369
117089
474
233774
583684
466990
475
700272
818033
350370
476
583685
700273
233775
818034
477
466991
583686
478
233776
700274
479
818035
350371
233777
700275
480
466992
583687
818036
700276
350372
481
233778
583688
466993
818037
482
233779
117090
700277
350373
583689
483
818038
466994
233780
484
700278
818039
583690
485
466995
233781
700279
486
818040
350374
466996
233782
700280
818041
487
466997
233783
818042
117091
488
583691
350375
700281
818043
233784
489
466998
583692
490
233785
818045
350376
491
700282
233786
466999
818046
583693
492
350377
117092
467000
493
818047
583694
700283
117093
233787
818048
350378
467001
117094
818049
350379
117095
583695
233788
467002
700284
350380
818050
117096
233789
583696
818053
117097
700285
350381
233790
117098
467003
583697
350382
494
818054
117099
233791
467004
700286
495
583698
350383
233792
818055
117100
467005
496
350384
497
117101
498
583699
700287
467006
818056
350385
117102
350386
818057
467007
583700
117103
499
350387
700288
467008
818058
117104
700289
350388
117105
583701
467009
500
700290
117106
233793
818059
467010
233794
501
583702
818060
700291
233795
117107
467011
350389
233796
502
818061
700292
583703
350390
233797
467012
818062
350391
503
700293
117108
818063
467013
583704
350392
233798
700294
818065
117109
504
233799
467014
818066
700295
505
233800
583705
117110
818067
467015
233801
700296
506
818068
117111
467016
507
233802
583706
818070
117112
700297
818071
467017
583707
700298
818072
350393
233803
818074
467018
350394
508
350395
233804
583708
509
467019
818075
510
350396
233805
583709
467020
233806
818076
700299
117113
350397
233807
117114
583710
467021
350398
233808
818077
700300
117115
467022
350399
233809
818078
700301
467023
350400
818079
117116
467024
233810
350401
700302
511
117117
350402
467025
818080
233811
700303
818081
350403
512
350404
818082
117118
467026
233812
350405
117119
818083
513
233813
467027
583711
350406
700304
117120
233814
818084
467028
583712
700305
514
350407
233815
467029
117121
818085
700306
515
350408
233816
583713
117122
700307
467030
818086
516
350409
467031
700308
583714
233817
117123
818087
350410
700309
517
233818
117124
583715
818088
350411
233819
518
700310
117125
818089
233820
350412
519
583716
117126
818090
467032
583717
350413
520
818091
117127
583718
467033
233821
350414
521
583719
233822
818092
117128
350415
522
583720
233823
818093
523
233824
467034
350416
583721
818094
233825
524
467035
117129
350417
583722
700311
233826
818095
350418
525
583723
233827
818096
700312
117130
583724
526
117131
818097
233828
350419
700313
117132
527
818098
233829
528
583725
350420
117133
467036
700314
818099
529
467037
233830
583726
350421
117134
530
700315
818100
350422
233831
583727
700316
531
467038
350423
532
117135
233832
818101
583728
350424
467039
350425
233833
818102
583729
117136
233834
818103
700317
350426
467040
583730
818104
233835
533
117137
350427
534
818105
233836
700318
583731
467041
350428
117138
818106
583732
350429
700319
818107
233837
583733
117139
350430
467042
818108
700320
583734
233838
350431
818110
117140
583735
350432
700321
467043
818111
233839
535
350433
117141
818112
536
700322
583736
537
350434
818113
538
350435
583737
700323
539
117142
818114
350436
233840
700324
583738
467044
233841
818115
350437
117143
700325
583739
350438
818116
583740
233842
467045
700326
117144
583741
818118
540
233843
583742
700327
818119
541
350439
542
818121
583743
233844
700328
467046
350440
818122
583744
233845
350441
818124
700329
467047
583745
117145
350442
818125
543
233846
700330
117146
583746
350443
818129
350444
700331
544
117147
350445
818130
117148
467048
700332
117149
545
583747
350446
117150
818131
233847
117151
233848
350447
700333
546
467049
818132
233849
583748
547
233850
818133
700334
117152
583749
233851
117153
818134
548
233852
350448
700335
549
467050
583750
117154
550
818135
117155
551
467051
350449
117156
583751
700336
233853
818136
117157
467052
552
233854
700337
117158
583752
350450
818137
467053
233855
553
818138
700338
350451
467054
117159
583753
554
233856
818139
555
117160
700339
350452
233857
556
818140
557
117161
467055
558
818141
583754
700340
559
233858
117162
818142
350453
467056
117163
583755
233859
818143
467057
700341
233860
560
350454
117164
818144
561
467058
583756
562
818145
467059
233861
117165
350455
818146
233862
700342
467060
117166
233863
700343
818147
350456
117167
583757
233864
467061
117168
818150
563
700344
583758
233865
564
117169
350457
565
818151
700345
566
583759
233866
117170
818152
567
583760
350458
233867
568
117171
467062
818153
233868
350459
569
583761
818155
570
467063
117172
233869
350460
583762
700346
818156
571
467064
233870
350461
700347
818157
117173
467065
233871
700348
818158
350462
117174
572
583763
117175
573
350463
818159
467066
117176
700349
117177
818162
574
467067
233872
575
700350
818163
117178
583764
467068
576
700351
350464
117179
233873
818164
577
583765
117180
350465
467069
700352
818166
578
233874
350466
579
700353
818167
467070
580
117181
350467
583766
467071
818168
700354
117182
233875
583767
350468
818169
467072
700355
117183
233876
467073
818170
117184
350469
583768
581
467074
117185
818171
233877
117186
700356
350470
467075
233878
818172
582
350471
117187
700357
467076
583769
583
233879
818173
350472
117188
700358
233880
818174
583770
117189
584
233881
818175
700359
117190
117191
467077
350473
700360
585
117192
586
818176
350474
233882
117193
587
467078
233883
117194
818177
350475
583771
233884
117195
700361
467079
350476
233885
818178
233886
588
350477
117196
233887
467080
818179
700362
233888
350478
467081
233889
117197
589
818180
350479
700363
467082
117198
590
233890
350480
818181
700364
467083
350481
117199
818182
350482
467084
700365
818183
467085
117200
818184
700366
467086
117201
350483
583772
818186
700367
350484
591
583773
592
818187
467087
350485
593
117202
583774
594
467088
595
818188
350486
467089
583775
818189
350487
467090
233891
818190
350488
583776
233892
467091
233893
700368
818191
350489
583777
233894
117203
467092
700369
350490
818192
117204
117205
350491
583778
596
467093
700370
818193
350492
233895
117206
583779
597
467094
350493
700371
818194
598
467095
599
583780
350494
233896
117207
818195
700372
583781
350495
467096
233897
818196
117208
700373
583782
467097
818197
117209
350496
233898
583783
818198
700374
467098
583784
350497
117210
467099
350498
600
818199
583785
233899
117211
700375
601
818200
233900
602
467100
350499
583786
818201
603
700376
117212
467101
350500
233901
818202
604
700377
467102
583787
117213
818203
350501
233902
117214
700378
818204
583788
233903
700379
117215
818205
605
350502
467103
583789
818206
117216
606
467104
607
117217
818207
467105
700380
350503
117218
608
233904
818208
609
117219
350504
700381
467106
233905
818209
350505
233906
117220
467107
700382
818212
610
117221
611
818213
467108
583790
700383
350506
117222
612
233907
467109
818214
613
467110
350507
233908
700384
818215
117223
614
467111
700385
117224
818216
467112
233909
700386
615
117225
583791
818217
467113
117226
700387
818218
233910
616
117227
350508
617
467114
818220
117228
350509
117229
818221
700388
233911
117230
618
350510
233912
467115
619
818222
700389
350511
117231
620
818223
583792
350512
621
700390
467116
622
117232
818224
233913
350513
583793
467117
623
818225
700391
624
350514
467118
700392
818226
233914
117233
625
467119
350515
700393
583794
818227
467120
350516
700394
233915
818228
117234
626
350517
467121
627
583795
700395
628
117235
233916
350518
818229
583796
467122
117236
233917
700396
350519
233918
818230
117237
583797
350520
467123
583798
350521
818231
700397
629
467124
630
233919
583799
631
818232
350522
632
700398
583800
233920
818233
117238
700399
233921
467125
350523
583801
117239
818234
233922
117240
818235
700400
583802
117241
818238
633
700401
467126
350524
233923
583803
818239
117242
467127
818240
634
583804
350525
467128
818241
117243
635
467129
583805
350526
818242
117244
467130
583806
233924
700402
350527
117245
636
818243
117246
233925
637
467131
583807
818244
350528
638
233926
467132
583808
117247
700403
818245
350529
233927
117248
467133
583809
639
818247
640
233928
350530
117249
583810
467134
818248
700404
233929
350531
117250
641
467135
700405
818249
350532
583811
117251
818250
233930
583812
642
350533
233931
117252
818251
643
467136
350534
117253
818252
233932
583813
467137
350535
233933
700406
117254
818253
467138
644
350536
233934
645
583814
818254
117255
646
233935
350537
233936
117256
818255
350538
583815
233937
818256
117257
350539
818257
233938
117258
647
350540
818258
648
117259
583816
350541
818259
467139
117260
233939
350542
467140
117261
818260
233940
350543
583817
649
818261
117262
467141
350544
818262
117263
233941
583818
350545
117264
818263
467142
700407
117265
818264
233942
467143
117266
818265
350546
583819
467144
233943
650
818266
651
350547
117267
818267
233944
117268
350548
652
818268
583820
117269
233945
350549
818269
117270
700408
467145
233946
818270
350550
653
117271
233947
654
467146
818271
350551
655
656
467147
818272
233948
583821
350552
117272
818273
233949
117273
350553
657
117274
467148
818274
350554
350555
818275
658
117275
700409
659
467149
818276
583822
350556
117276
818278
700410
467150
117277
660
818279
117278
661
700411
467151
117279
818280
350557
700412
583823
662
117280
818281
350558
117281
233950
818282
663
583824
467152
700413
818283
233951
350559
467153
664
117282
818284
700414
233952
665
583825
117283
818285
467154
666
233953
350560
117284
700415
667
818286
117285
233954
467155
700416
350561
117286
583826
818287
117287
467156
117288
818288
233955
467157
350562
117289
117290
467158
818289
233956
583827
467159
668
818290
669
117291
467160
670
117292
818291
350563
467161
583828
700417
117293
671
350564
117294
672
818292
350565
673
467162
117295
583829
818293
350566
700418
674
467163
117296
818294
675
350567
700419
467164
818295
117297
350568
583830
676
677
700420
818296
583831
818297
678
117298
117299
679
467165
818298
583832
350569
818299
233957
117300
700421
350570
467166
233958
680
818300
583833
117301
350571
233959
700422
117302
233960
350572
818301
681
117303
233961
350573
700423
117304
233962
818302
467167
117305
682
700424
233963
818303
117306
350574
683
583834
684
233964
117307
685
818304
467168
350575
117308
686
583835
233965
818305
687
350576
117309
233966
688
583836
233967
818306
350577
117310
689
700425
467169
117311
690
691
818307
700426
583837
117312
350578
692
233968
693
117313
467170
818308
700427
694
350579
117314
700428
818309
117315
233969
350580
695
700429
583838
117316
818310
117317
696
117318
467171
350581
818311
700430
233970
697
117319
117320
818312
583839
350582
117321
818313
700431
233971
117322
350583
698
818315
117323
233972
699
117324
467172
350584
117325
818316
233973
700432
583840
700
818317
117326
350585
818318
117327
701
350586
700433
467173
350587
117328
818319
233974
702
583841
117329
350588
818320
117330
700434
350589
818321
117331
233975
350590
703
117332
583842
818322
467174
704
117333
583843
818323
700435
117334
705
350591
233976
818324
700436
706
117335
233977
583844
117336
467175
818326
233978
117337
350592
707
583845
818327
117338
700437
583846
818328
233979
708
467176
818329
350593
583847
818330
583848
818331
350594
117339
233980
117340
709
583849
818332
710
117341
350595
233981
711
700438
818333
583850
712
117342
818334
117343
700439
350596
583851
467177
117344
713
233982
818335
714
117345
700440
583852
818336
117346
350597
583853
818337
467178
700441
818338
233983
350598
700442
583854
818339
117347
583855
818340
233984
467179
117348
818341
233985
117349
350599
818342
700443
583856
117350
233986
715
818343
117351
700444
233987
716
583857
700445
717
117352
467180
818344
233988
718
583858
350600
719
818345
117353
720
350601
583859
700446
117354
721
583860
818346
350602
467181
700447
722
117355
350603
583861
723
700448
818347
724
350604
725
117356
233989
818348
350605
583862
726
700449
233990
727
818349
117357
350606
728
467182
583863
700450
233991
818350
729
730
117358
731
700451
583864
233992
818351
117359
700452
350607
233993
117360
233994
818352
732
700453
117361
583865
233995
467183
818353
350608
233996
583866
733
117362
818354
700454
233997
350609
117363
233998
734
818355
700455
350610
818356
350611
583867
233999
735
818357
234000
117364
350612
583868
117365
234001
818358
467184
736
583869
117366
350613
234002
818360
117367
737
700456
583870
350614
234003
117368
818361
350615
583871
738
700457
234004
117369
350616
818362
739
117370
234005
583872
350617
740
818363
741
700458
117371
467185
234006
583873
117372
700459
818364
350618
742
583874
117373
350619
117374
818365
234007
743
700460
117375
350620
818366
744
583875
117376
467186
234008
117377
700461
583876
818367
350621
745
117378
583877
350622
818368
117379
234009
700462
746
583878
350623
117380
747
818370
117381
350624
234010
583879
117382
748
818371
350625
117383
749
117384
583880
350626
234011
818372
350627
583881
750
700463
818373
350628
234012
751
818375
583882
350629
117385
818376
350630
117386
583883
700464
752
234013
818378
350631
117387
583884
467187
818379
117388
234014
753
350632
117389
818380
350633
754
583885
234015
117390
818381
117391
818382
350634
583886
350635
818383
117392
755
350636
583887
818385
234016
700465
756
583888
350637
234017
818386
700466
757
350638
818387
583889
818389
700467
350639
583890
818390
117393
234018
350640
234019
818391
117394
758
117395
350641
467188
583891
818392
234020
700468
117396
759
818393
583892
117397
234021
467189
350642
117398
583893
818394
760
234022
818395
117399
467190
350643
700469
761
583894
818396
117400
234023
583895
818397
350644
700470
818398
350645
234024
467191
762
117401
818399
583896
350646
467192
763
234025
117402
583897
818400
350647
117403
467193
764
117404
583898
818401
467194
765
350648
234026
766
117405
818402
583899
767
117406
234027
583900
467195
818403
350649
700471
234028
350650
583901
768
818404
467196
234029
350651
117407
769
700472
818405
117408
350652
467197
234030
117409
350653
117410
818406
234031
467198
700473
350654
117411
234032
117412
467199
350655
583902
770
818407
771
117413
350656
772
583903
467200
818408
773
234033
583904
818409
350657
774
117414
467201
583905
775
234034
818410
350658
700474
117415
776
467202
583906
818411
777
350659
467203
117416
583907
818412
778
234035
350660
117417
779
467204
583908
780
818413
117418
350661
234036
781
467205
117419
818414
350662
117420
234037
583909
700475
818415
234038
117421
350663
818416
782
583910
234039
350664
818417
117422
467206
583911
467207
818418
783
350665
467208
583912
784
117423
818419
350666
117424
785
350667
467209
583913
117425
818420
234040
467210
350668
786
818421
467211
117426
234041
350669
583914
117427
787
818422
117428
234042
467212
350670
583915
788
117429
700476
818423
234043
117430
583916
467213
350671
117431
818424
234044
350672
789
117432
818425
234045
467214
350673
583917
818426
117433
234046
790
117434
350674
791
818427
583918
792
117435
700477
234047
793
350675
818428
467215
117436
350676
583919
117437
234048
818429
467216
583920
117438
350677
467217
234049
117439
818430
350678
467218
234050
818431
117440
350679
583921
350680
117441
794
818432
350681
795
234051
467219
117442
234052
350682
818433
117443
796
583922
797
117444
467220
350683
798
818437
234053
117445
350684
467221
818438
799
234054
350685
818439
800
583923
467222
700478
350686
801
818440
234055
467223
802
350687
818441
117446
583924
803
117447
350688
467224
234056
804
818442
117448
350689
805
467225
350690
583925
806
117449
350691
467226
700479
818443
807
234057
700480
350692
117450
808
818444
583926
234058
467227
350693
809
700481
117451
583927
818445
350694
810
700482
234059
467228
583928
350695
811
467229
700483
818446
583929
350696
812
117452
700484
467230
234060
813
350697
814
818447
117453
700485
815
350698
234061
816
818448
117454
467231
583930
700486
818449
117455
234062
467232
583931
818450
350699
234063
700487
467233
117456
117457
350700
234064
818451
700488
117458
467234
350701
234065
818452
700489
467235
117459
350702
234066
350703
467236
117460
700490
818453
234067
467237
117461
583932
818454
117462
700491
467238
818455
350704
234068
117463
817
350705
467239
818456
818
234069
819
350706
583933
820
818457
467240
117464
821
700492
350707
467241
818458
822
350708
117465
700493
823
818459
467242
350709
117466
824
700494
234070
350710
818460
117467
583934
825
467243
700495
117468
350711
467244
818461
826
700496
827
234071
350712
818462
828
583935
117469
700497
350713
467245
829
818463
830
234072
350714
467246
818464
117470
831
832
350715
467247
833
818465
350716
583936
234073
700498
834
467248
117471
350717
583937
818466
835
467249
117472
818467
234074
836
350718
467250
837
818469
117473
350719
583938
467251
818470
234075
838
350720
700499
467252
818471
583939
467253
350721
117474
700500
818472
117475
234076
350722
839
467254
840
583940
467255
117476
841
818473
350723
234077
467256
842
818475
117477
583941
700501
843
350724
467257
818476
117478
844
350725
467258
234078
818477
700502
845
117479
350726
583942
467259
846
818478
350727
700503
847
818479
234079
350728
848
467260
818481
350729
117480
467261
117481
818482
700504
350730
583943
849
234080
117482
467262
350731
818483
117483
467263
117484
350732
850
818484
467264
117485
350733
700505
117486
818485
350734
851
234081
818486
350735
583944
467265
852
818487
234082
350736
467266
853
700506
818488
350737
854
467267
855
234083
350738
583945
818489
856
350739
467268
818490
857
234084
350740
858
467269
818491
859
583946
350741
860
467270
117487
818492
861
117488
862
863
117489
467271
818493
234085
864
583947
117490
350742
865
818495
117491
467272
866
700507
583948
117492
867
350743
818496
868
117493
583949
700508
818497
234086
467273
350744
117494
700509
583950
818498
467274
869
117495
350745
117496
700510
583951
467275
350746
117497
818499
234087
117498
350747
583952
467276
870
700511
818500
871
350748
117499
583953
467277
117500
872
700512
350749
467278
818501
873
700513
467279
874
234088
117501
350750
818502
234089
467280
700514
117502
583954
467281
350751
234090
117503
875
467282
818503
700515
234091
350752
117504
467283
876
700516
234092
467284
818504
117505
877
700517
350753
583955
117506
818505
467285
878
234093
700518
350754
467286
879
818506
117507
467287
350755
234094
700519
117508
880
467288
350756
117509
818507
700520
117510
350757
467289
881
350758
700521
117511
234095
467290
583956
818508
882
117512
467291
350759
700522
583957
467292
117513
350760
818509
234096
883
884
467293
700523
350761
583958
885
886
234097
818510
583959
350762
887
700524
888
234098
467294
583960
350763
117514
818511
889
350764
234099
117515
467295
700525
117516
583961
350765
467296
890
818512
117517
350766
117518
467297
700526
891
583962
234100
350767
467298
892
818513
117519
350768
893
583963
467299
700527
818514
894
350769
117520
895
467300
700528
818515
350770
117521
896
583964
700529
350771
583965
818516
467301
897
117522
234101
700530
583966
350772
898
467302
117523
818517
234102
700531
899
467303
117524
818518
350773
234103
900
350774
818519
700532
117525
350775
117526
901
467304
818520
700533
117527
350776
583967
117528
902
234104
818521
700534
117529
903
350777
904
905
818522
467305
350778
583968
234105
700535
906
818523
117530
350779
117531
234106
700536
818524
583969
907
117532
350780
700537
908
909
117533
583970
350781
234107
910
818525
117534
911
350782
912
234108
117535
818526
583971
913
350783
914
234109
818527
915
583972
916
467306
818528
350784
583973
234110
117536
467307
917
818529
918
350785
700538
467308
583974
818530
700539
467309
350786
919
583975
234111
350787
818532
467310
700540
920
583976
350788
818533
234112
467311
350789
700541
234113
350790
818535
467312
583977
117537
921
350791
234114
700542
818536
583978
350792
467313
234115
818537
350793
583979
922
700543
923
467314
818538
117538
700544
350794
467315
818539
924
467316
818540
925
117539
926
350795
583980
818541
467317
927
234116
117540
700545
928
467318
350796
234117
929
818542
583981
467319
350797
117541
930
467320
818543
234118
350798
583982
467321
234119
818544
117542
700546
467322
350799
583983
234120
818545
467323
350800
117543
467324
583984
818546
234121
931
350801
700547
932
117544
467325
818547
933
117545
234122
350802
934
583985
700548
818548
117546
234123
350803
583986
467326
935
818549
700549
467327
350804
583987
700550
117547
234124
818550
936
467328
700551
117548
350805
583988
818551
700552
350806
937
117549
467329
818552
467330
117550
350807
583989
117551
700553
938
818553
467331
350808
117552
467332
939
350809
700554
818554
467333
350810
940
117553
700555
818555
350811
117554
941
700556
818556
467334
350812
234125
942
583990
234126
818557
700557
350813
467335
943
350814
944
117555
234127
818558
467336
583991
117556
700558
945
818559
467337
583992
234128
117557
946
818560
583993
467338
700559
234129
117558
818561
350815
234130
467339
700560
117559
818562
947
350816
234131
467340
700561
350817
583994
948
818563
467341
949
818564
583995
350818
950
234132
951
350819
818565
583996
467342
234133
818566
350820
234134
583997
700562
117560
818567
234135
467343
350821
117561
952
234136
818568
350822
117562
583998
467344
700563
234137
117563
818569
350823
234138
467345
583999
953
234139
818572
350824
467346
117564
234140
818573
467347
584000
700564
117565
350825
954
818575
234141
350826
584001
467348
955
700565
350827
818576
234142
956
818577
584002
117566
234143
700566
350828
818579
467349
350829
584003
234144
700567
818580
117567
350830
467350
234145
818582
957
350831
584004
467351
234146
700568
467352
584005
117568
958
350832
818583
467353
959
700569
350833
117569
960
818584
584006
350834
467354
700570
818585
961
467355
117570
350835
234147
117571
467356
818586
234148
350836
117572
467357
584007
700571
818587
117573
350837
234149
818588
584008
117574
350838
818589
234150
962
700572
350839
818591
963
234151
964
584009
350840
818592
700573
117575
234152
584010
818593
965
117576
350841
700574
818594
234153
467358
350842
966
700575
117577
234154
467359
584011
818595
350843
467360
700576
967
968
584012
117578
700577
350844
969
818596
584013
970
467361
117579
234155
350845
971
700578
972
818597
234156
117580
584014
973
350846
467362
700579
234157
974
584015
467363
818598
117581
700580
234158
584016
467364
350847
975
818599
700581
117582
234159
584017
976
350848
467365
818600
584018
700582
977
350849
584019
818601
700583
584020
350850
117583
978
818602
350851
584021
467366
350852
700584
584022
818603
350853
979
818604
700585
467367
584023
117584
818606
584024
980
818607
700586
117585
467368
350854
981
818608
350855
117586
700587
584025
467369
982
818609
983
700588
584026
467370
350856
818610
984
700589
117587
584027
818611
700590
350857
467371
818612
700591
467372
234160
117588
584028
350858
985
234161
986
700592
818613
234162
700593
987
117589
584029
818614
350859
117590
988
818615
584030
350860
234163
989
700594
818616
117591
467373
234164
700595
818617
117592
350861
117593
700596
234165
990
818618
584031
467374
350862
991
700597
992
818621
467375
993
350863
234166
700598
818622
994
467376
700599
117594
818624
584032
234167
995
350864
700600
996
818625
467377
997
700601
234168
818626
998
350865
117595
700602
467378
999
818627
234169
467379
1000
700603
117596
350866
818628
234170
584033
700604
117597
350867
467380
818629
700605
117598
584034
234171
1001
350868
467381
818630
584035
700606
1002
117599
234172
818631
700607
117600
584036
350869
818632
467382
700608
350870
117601
1003
584037
818636
234173
700609
350871
1004
117602
467383
234174
818637
700610
1005
234175
117603
584038
350872
117604
234176
700611
584039
818638
1006
117605
234177
467384
350873
700612
117606
234178
584040
117607
350874
700613
234179
818639
584041
1007
467385
234180
350875
700614
234181
117608
584042
818640
117609
234182
700615
350876
1008
467386
117610
818641
234183
584043
350877
117611
584044
700616
1009
818642
117612
1010
234184
350878
1011
584045
818643
117613
700617
117614
350879
818646
234185
467387
584046
1012
700618
350880
818647
1013
584047
818648
700619
350881
1014
467388
584048
1015
700620
584049
818649
700621
350882
467389
584050
234186
467390
350883
1016
584051
700622
117615
467391
234187
818650
350884
117616
467392
700623
1017
117617
234188
350885
467393
117618
700624
818651
584052
350886
700625
234189
1018
117619
584053
234190
1019
467394
818652
117620
234191
1020
234192
584054
700626
350887
1021
350888
584055
818653
700627
1022
467395
234193
350889
584056
818654
117621
700628
234194
467396
117622
584057
350890
818655
700629
117623
234195
350891
234196
584058
350892
700630
818656
117624
1023
117625
350893
1024
818657
467397
584059
1025
117626
350894
584060
1026
117627
818661
1027
350895
467398
700631
584061
234197
818662
1028
234198
584062
1029
818663
350896
467399
234199
1030
117628
700632
584063
818664
1031
234200
700633
818665
467400
584064
350897
234201
700634
818666
584065
1032
234202
467401
818667
234203
584066
818668
700635
234204
117629
584067
467402
234205
818669
700636
117630
350898
234206
818670
467403
117631
584068
818671
117632
700637
234207
350899
1033
584069
818672
467404
234208
700638
818673
234209
700639
350900
234210
818674
234211
350901
1034
700640
818675
234212
700641
584070
818676
350902
1035
234213
700642
818677
234214
117633
1036
350903
584071
700643
234215
818678
467405
350904
117634
234216
818679
700644
584072
1037
234217
818680
350905
117635
467406
234218
700645
467407
584073
818681
234219
350906
467408
1038
117636
818682
350907
234220
584074
700646
467409
234221
818683
700647
584075
350908
117637
234222
467410
117638
818684
1039
700648
350909
234223
467411
584076
818685
234224
467412
117639
584077
700649
234225
818686
467413
117640
1040
350910
584078
234226
467414
818687
350911
234227
584079
117641
700650
818688
234228
467415
584080
350912
234229
117642
818689
700651
467416
584081
117643
350913
234230
818690
117644
350914
467417
700652
818691
1041
117645
234231
467418
818692
234232
1042
350915
584082
234233
467419
700653
818693
1043
234234
467420
584083
1044
234235
818694
350916
234236
700654
584084
467421
234237
818695
350917
234238
1045
584085
1046
700655
818696
117646
350918
467422
234239
117647
1047
818697
350919
700656
234240
584086
467423
350920
818698
234241
584087
117648
234242
350921
700657
467424
234243
818699
1048
117649
350922
584088
1049
700658
117650
818700
234244
584089
467425
350923
1050
700659
818701
234245
117651
1051
350924
818702
117652
234246
700660
467426
818703
350925
584090
1052
234247
117653
700661
818704
350926
467427
1053
117654
818705
234248
1054
700662
350927
117655
1055
818706
234249
350928
1056
700663
234250
467428
1057
818707
584091
700664
117656
350929
818708
117657
584092
467429
700665
117658
234251
818709
350930
584093
818710
350931
467430
117659
234252
584094
818715
234253
117660
350932
584095
234254
467431
1058
818716
117661
350933
234255
117662
818717
584096
467432
350934
234256
818718
584097
700666
1059
117663
234257
467433
350935
700667
234258
818719
350936
700668
234259
584098
467434
818720
117664
350937
234260
350938
700669
234261
467435
1060
818722
234262
117665
350939
700670
234263
584099
117666
818723
350940
467436
234264
117667
700671
350941
818724
584100
467437
117668
350942
234265
818725
117669
700672
584101
467438
350943
1061
234266
818726
467439
818727
234267
350944
467440
584102
350945
818728
234268
350946
584103
1062
467441
234269
818729
350947
584104
700673
818730
467442
584105
1063
350948
234270
818731
467443
350949
584106
234271
117670
117671
1064
350950
818732
467444
117672
234272
584107
117673
350951
818733
467445
234273
117674
117675
467446
350952
818734
234274
117676
584108
700674
350953
584109
467447
818735
117677
234275
584110
467448
350954
818736
1065
117678
467449
234276
350955
117679
700675
818737
467450
584111
234277
117680
234278
350956
818738
117681
584112
234279
350957
117682
584113
818739
234280
467451
117683
350958
1066
584114
700676
234281
117684
467452
350959
234282
818740
117685
234283
467453
117686
818741
350960
234284
117687
700677
467454
234285
818742
350961
234286
584115
117688
467455
1067
234287
350962
117689
818743
350963
467456
117690
700678
584116
234288
117691
350964
234289
584117
467457
818744
117692
234290
350965
117693
234291
467458
818745
584118
234292
117694
700679
117695
584119
234293
467459
818747
350966
234294
584120
117696
467460
818748
700680
234295
117697
1068
467461
350967
818749
117698
584121
234296
117699
467462
234297
818753
467463
584122
117700
350968
234298
117701
467464
1069
818754
234299
700681
117702
350969
818755
234300
234301
467465
818756
350970
584123
467466
700682
818757
234302
818758
467467
234303
350971
584124
818759
117703
700683
467468
117704
584125
234304
818760
350972
467469
117705
584126
818761
234305
1070
467470
584127
117706
234306
818762
350973
467471
584128
234307
467472
700684
117707
818763
584129
350974
234308
700685
467473
818764
117708
234309
700686
467474
1071
584130
350975
818765
117709
234310
700687
234311
467475
818767
584131
350976
700688
467476
117710
584132
818768
700689
467477
818770
234312
584133
350977
117711
700690
818771
584134
467478
117712
234313
818772
700691
117713
584135
467479
700692
350978
818773
1072
584136
234314
117714
350979
700693
467480
818774
350980
117715
700694
584137
234315
467481
700695
818775
117716
350981
584138
818776
700696
1073
350982
234316
584139
467482
818777
700697
350983
584140
818778
700698
234317
350984
467483
818779
584141
700699
234318
350985
1074
818780
467484
350986
117717
818782
234319
350987
700700
584142
117718
818783
467485
350988
584143
117719
234320
1075
584144
350989
700701
467486
818784
117720
234321
350990
818785
700702
117721
234322
584145
350991
117722
467487
818786
584146
350992
117723
234323
818787
1076
350993
584147
117724
117725
584148
467488
700703
117726
818788
350994
234324
818789
350995
584149
467489
700704
234325
350996
117727
818790
350997
467490
1077
584150
117728
818793
350998
584151
234326
818794
350999
117729
700705
818795
467491
117730
584152
818796
700706
234327
351000
818797
467492
700707
818798
1078
584153
117731
818799
700708
351001
234328
584154
117732
467493
818800
117733
351002
700709
584155
818801
351003
117734
700710
467494
818802
584156
351004
818803
1079
351005
467495
234329
584157
117735
818804
467496
584158
351006
818805
467497
234330
584159
117736
351007
467498
700711
818806
584160
117737
700712
818807
351008
467499
117738
584161
234331
818808
700713
467500
351009
818809
117739
584162
700714
818810
1080
467501
584163
234332
818811
700715
351010
467502
818812
117740
584164
818813
351011
234333
700716
818814
584165
351012
700717
818815
234334
117741
584166
467503
351013
700718
818816
584167
234335
351014
818817
700719
234336
467504
584168
351015
700720
818818
351016
234337
700721
351017
818819
467505
584169
351018
1081
700722
234338
818820
700723
584170
1082
351019
234339
467506
700724
818821
351020
117742
584171
818822
351021
117743
700725
818823
117744
351022
584172
1083
818824
1084
467507
351023
700726
234340
818825
1085
584173
700727
351024
818826
1086
467508
234341
700728
351025
818827
584174
351026
234342
1087
351027
467509
700729
818828
584175
234343
351028
234344
351029
234345
467510
584176
351030
818829
1088
700730
234346
351031
234347
351032
584177
467511
351033
700731
818830
117745
234348
351034
700732
467512
1089
117746
351035
584178
818831
700733
1090
351036
234349
467513
351037
117747
234350
584179
351038
700734
234351
117748
351039
584180
234352
700735
351040
234353
818832
1091
700736
117749
584181
234354
700737
234355
467514
1092
584182
117750
700738
234356
351041
117751
584183
234357
700739
351042
351043
234358
584184
700740
818833
1093
351044
234359
117752
700741
584185
351045
117753
351046
584186
1094
351047
467515
1095
234360
700742
351048
584187
117754
818834
1096
1097
584188
351049
1098
117755
700743
584189
234361
1099
700744
351050
1100
818835
234362
584190
1101
351051
234363
1102
584191
700745
1103
1104
467516
1105
584192
700746
234364
117756
1106
351052
818836
1107
234365
584193
1108
351053
700747
1109
117757
234366
584194
351054
700748
1110
818837
117758
351055
700749
1111
234367
351056
584195
117759
1112
234368
700750
584196
1113
1114
234369
351057
700751
1115
818838
584197
351058
234370
584198
700752
1116
117760
234371
351059
467517
584199
700753
1117
818839
351060
234372
117761
584200
351061
700754
234373
584201
700755
351062
234374
117762
1118
700756
467518
818840
234375
351063
117763
584202
1119
467519
700757
584203
1120
351064
117764
467520
1121
700758
584204
351065
234376
818841
467521
117765
584205
117766
234377
700759
584206
467522
1122
117767
351066
700760
234378
351067
467523
584207
818842
351068
584208
1123
700761
117768
234379
351069
584209
351070
700762
117769
467524
234380
584210
700763
351071
818843
117770
234381
700764
351072
467525
700765
584211
117771
351073
234382
700766
467526
351074
234383
1124
117772
700767
467527
351075
584212
700768
818844
234384
700769
117773
351076
467528
584213
234385
700770
351077
1125
117774
584214
818845
234386
700771
584215
351078
467529
117775
234387
351079
117776
700772
1126
234388
467530
700773
818846
584216
351080
117777
700774
584217
467531
234389
117778
117779
700775
584218
818847
234390
117780
351081
467532
584219
700776
818848
117781
1127
234391
584220
818849
351082
700777
467533
818850
117782
584221
234392
700778
117783
818851
351083
467534
818852
700779
584222
234393
351084
818853
467535
117784
1128
117785
700780
351085
818854
1129
117786
467536
584223
700781
818855
351086
234394
117787
1130
351087
818856
117788
584224
467537
700782
234395
818857
351088
1131
117789
700783
584225
818859
351089
700784
1132
584226
234396
818860
1133
467538
351090
700785
1134
584227
467539
117790
1135
818861
234397
351091
1136
117791
584228
700786
467540
1137
117792
1138
818862
351092
467541
117793
234398
700787
1139
117794
584229
818863
1140
467542
117795
1141
700788
351093
234399
818864
584230
1142
117796
700789
1143
351094
818865
117797
584231
234400
117798
818866
700790
351095
467543
1144
117799
818867
584232
467544
234401
351096
117800
700791
1145
467545
584233
117801
818868
351097
234402
117802
818869
700792
351098
467546
1146
584234
117803
234403
818870
1147
351099
467547
700793
234404
818871
351100
234405
584235
117804
467548
818872
700794
467549
234406
584236
1148
818873
351101
117805
818874
700795
467550
584237
351102
818875
117806
467551
700796
351103
818876
467552
1149
467553
584238
818877
351104
700797
584239
467554
818878
351105
234407
467555
700798
818879
1150
584240
234408
351106
818880
467556
1151
234409
818881
1152
700799
234410
584241
467557
117807
351107
818883
467558
117808
351108
818884
234411
1153
584242
467559
117809
700800
234412
351109
818885
467560
351110
584243
234413
117810
818886
700801
351111
467561
117811
1154
700802
818887
467562
234414
584244
234415
1155
700803
467563
117812
818888
117813
234416
351112
467564
584245
467565
818889
700804
117814
234417
351113
234418
1156
584246
700805
818890
117815
234419
351114
467566
117816
234420
700806
1157
818891
584247
467567
1158
351115
234421
117817
700807
467568
818892
1159
351116
234422
467569
351117
818893
117818
700808
1160
467570
818896
234423
117819
467571
351118
700809
234424
818897
584248
234425
818898
700810
467572
117820
351119
1161
584249
1162
818899
467573
700811
234426
351120
584250
117821
818900
467574
700812
234427
117822
351121
584251
467575
818901
1163
117823
700813
117824
584252
234428
700814
117825
818902
584253
467576
117826
234429
351122
584254
117827
818903
467577
117828
584255
351123
818904
234430
117829
467578
584256
818905
351124
467579
700815
584257
234431
700816
818906
351125
467580
584258
700817
1164
818907
234432
584259
700818
467581
818908
351126
584260
234433
467582
351127
818909
234434
700819
584261
351128
467583
234435
818910
584262
351129
1165
467584
117830
584263
234436
818911
467585
117831
700820
584264
117832
234437
818913
351130
117833
467586
584265
700821
234438
818914
351131
117834
584266
467587
234439
818915
1166
117835
351132
584267
700822
467588
234440
351133
1167
818916
700823
467589
234441
1168
818920
351134
467590
117836
818921
1169
234442
467591
584268
700824
117837
818922
467592
234443
584269
117838
467593
1170
117839
818923
584270
700825
117840
234444
1171
467594
584271
700826
818924
234445
351135
351136
467595
700827
818925
351137
584272
1172
467596
234446
351138
700828
117841
1173
818926
117842
1174
234447
584273
351139
818927
117843
467597
234448
700829
351140
584274
1175
117844
818928
351141
467598
117845
700830
1176
234449
1177
584275
117846
700831
234450
467599
1178
818929
351142
700832
584276
351143
818930
234451
467600
1179
117847
234452
351144
818931
700833
467601
117848
1180
584277
234453
351145
584278
117849
1181
467602
818932
234454
700834
467603
117850
351146
584279
234455
818933
1182
117851
700835
351147
1183
234456
584280
818934
117852
700836
351148
818935
700837
117853
351149
234457
234458
117854
818936
700838
234459
1184
467604
700839
351150
234460
117855
818937
1185
234461
117856
351151
584281
700840
234462
467605
818938
1186
700841
117857
351152
234463
584282
818939
117858
700842
234464
467606
351153
1187
117859
234465
584283
818940
1188
700843
351154
234466
117860
467607
700844
117861
584284
818941
234467
351155
700845
117862
467608
351156
117863
584285
818942
700846
351157
117864
818943
584286
117865
467609
700847
1189
234468
351158
117866
818944
234469
700848
584287
1190
117867
351159
467610
818945
234470
117868
1191
700849
584288
234471
818947
117869
467611
234472
700850
818948
584289
1192
117870
234473
818950
584290
117871
351160
1193
467612
700851
117872
818951
234474
700852
351161
117873
818952
234475
1194
700853
467613
1195
117874
351162
234476
584291
818953
700854
117875
234477
584292
818957
351163
467614
234478
1196
700855
117876
234479
818958
584293
117877
351164
1197
117878
818959
700856
234480
584294
1198
117879
467615
234481
818960
117880
584295
700857
234482
351165
818961
234483
1199
117881
584296
234484
700858
467616
818962
117882
1200
234485
1201
117883
584297
1202
818963
467617
700859
351166
117884
818967
584298
467618
351167
234486
700860
117885
818968
351168
467619
234487
117886
584299
1203
818969
234488
467620
818972
584300
234489
117887
467621
818973
234490
117888
117889
818974
467622
234491
700861
1204
117890
234492
467623
700862
818975
584301
117891
1205
234493
467624
1206
234494
700863
818976
1207
351169
467625
1208
234495
117892
700864
351170
818977
584302
467626
117893
234496
700865
818978
467627
584303
117894
1209
700866
467628
818979
584304
1210
117895
351171
234497
1211
467629
818980
117896
234498
700867
584305
1212
117897
818981
467630
351172
234499
700868
584306
351173
818982
234500
467631
1213
117898
234501
700869
467632
117899
818983
584307
117900
234502
351174
700870
818984
351175
1214
234503
1215
117901
467633
818985
700871
234504
351176
467634
117902
700872
818986
234505
117903
351177
467635
584308
234506
700873
1216
818987
117904
234507
700874
117905
351178
818988
467636
584309
234508
117906
818989
467637
351179
584310
1217
234509
117907
818990
234510
584311
467638
700875
351180
818991
234511
1218
117908
584312
467639
234512
818992
1219
700876
351181
117909
234513
1220
467640
584313
818993
117910
351182
234514
467641
1221
117911
700877
818994
1222
351183
584314
117912
818995
234515
700878
117913
467642
584315
234516
351184
818998
117914
234517
584316
1223
700879
818999
467643
351185
117915
584317
1224
819000
234518
700880
1225
584318
467644
117916
819001
351186
234519
700881
584319
819003
234520
351187
700882
467645
584320
117917
351188
700883
1226
584321
819004
234521
467646
117918
351189
234522
584322
700884
819005
467647
1227
117919
584323
351190
819006
1228
234523
351191
467648
117920
819007
1229
700885
584324
234524
351192
467649
584325
1230
117921
234525
819008
351193
467650
234526
584326
1231
819009
351194
700886
467651
1232
351195
584327
117922
819010
234527
117923
700887
351196
584328
117924
819011
467652
351197
117925
234528
700888
584329
1233
117926
234529
351198
819012
117927
700889
1234
234530
467653
117928
819013
351199
700890
584330
234531
819014
117929
1235
351200
234532
700891
1236
819015
351201
467654
700892
117930
234533
584331
1237
351202
467655
819016
234534
700893
117931
351203
1238
584332
467656
234535
819017
700894
234536
467657
584333
351204
117932
819018
700895
234537
1239
351205
584334
467658
819019
700896
234538
351206
1240
819020
584335
117933
234539
1241
467659
819021
584336
351207
700897
234540
117934
584337
819022
700898
1242
351208
700899
819023
234541
467660
117935
819024
351209
700900
234542
819025
700901
351210
1243
117936
467661
1244
234543
1245
819026
351211
584338
700902
1246
467662
117937
234544
819027
351212
700903
467663
234545
584339
819028
351213
467664
700904
234546
1247
117938
467665
584340
819029
234547
700905
351214
1248
467666
584341
819030
700906
1249
117939
467667
234548
1250
351215
819031
584342
700907
1251
467668
117940
584343
819032
700908
351216
234549
467669
117941
351217
584344
819033
117942
234550
700909
467670
351218
117943
1252
584345
700910
234551
467671
351219
819034
117944
700911
1253
467672
234552
819035
351220
700912
467673
117945
234553
819036
351221
1254
700913
467674
351222
819037
117946
1255
700914
467675
351223
819038
117947
1256
700915
234554
467676
819039
351224
584346
700916
117948
467677
584347
819040
351225
234555
1257
117949
584348
467678
700917
234556
351226
819041
117950
1258
584349
700918
467679
351227
819042
117951
700919
467680
234557
351228
819043
584350
117952
467681
819044
1259
351229
234558
351230
117953
584351
819045
467682
234559
1260
700920
351231
819046
117954
467683
584352
1261
819047
351232
700921
234560
467684
351233
819048
467685
700922
117955
584353
234561
819049
117956
584354
700923
467686
351234
1262
819050
234562
467687
700924
819051
234563
584355
700925
467688
819052
584356
1263
700926
351235
467689
819053
584357
700927
234564
351236
700928
467690
819054
584358
117957
351237
700929
117958
1264
584359
819055
467691
351238
117959
234565
117960
351239
584360
819056
467692
117961
351240
117962
1265
819057
467693
117963
584361
117964
467694
234566
700930
819058
117965
584362
467695
819059
117966
700931
351241
234567
700932
117967
467696
584363
819061
700933
467697
117968
819062
234568
351242
467698
584364
700934
117969
819065
234569
351243
117970
1266
700935
584365
234570
819066
351244
584366
700936
117971
351245
819067
117972
819068
351246
234571
584367
1267
467699
117973
700937
819069
117974
351247
467700
700938
117975
234572
584368
819070
467701
351248
117976
234573
700939
1268
117977
819071
467702
351249
700940
234574
584369
117978
819072
467703
234575
700941
117979
467704
819073
117980
700942
819074
1269
117981
467705
700943
234576
117982
819075
1270
584370
700944
467706
234577
117983
1271
819076
1272
117984
584371
700945
234578
819077
351250
467707
1273
234579
117985
584372
819078
700946
1274
1275
234580
117986
351251
1276
700947
467708
819079
1277
234581
584373
117987
700948
1278
117988
467709
234582
1279
351252
819080
700949
584374
234583
1280
700950
819081
117989
467710
1281
117990
700951
819082
351253
1282
117991
467711
234584
117992
584375
819083
467712
117993
234585
700952
351254
584376
234586
117994
819084
467713
700953
234587
584377
819085
467714
117995
351255
234588
117996
819086
467715
700954
584378
117997
467716
819088
584379
351256
700955
117998
234589
819089
700956
117999
234590
351257
467717
819092
118000
700957
234591
118001
467718
819093
351258
234592
700958
819095
467719
118002
234593
700959
819096
118003
467720
234594
819097
118004
700960
467721
1283
234595
118005
819098
1284
467722
700961
234596
584380
351259
118006
1285
819099
1286
234597
467723
700962
118007
234598
1287
584381
819100
467724
1288
234599
700963
1289
584382
819101
467725
118008
1290
234600
819104
700964
467726
1291
584383
118009
234601
467727
819105
118010
351260
234602
584384
467728
700965
819106
1292
234603
118011
1293
234604
118012
584385
351261
819109
700966
467729
1294
118013
584386
351262
819110
700967
1295
467730
234605
1296
584387
819111
1297
467731
118014
234606
351263
1298
584388
819112
351264
467732
700968
1299
467733
1300
819113
1301
234607
351265
1302
118015
584389
467734
700969
1303
819114
234608
1304
351266
819118
234609
1305
118016
467735
1306
584390
351267
1307
234610
819119
467736
351268
584391
118017
1308
234611
819120
584392
1309
467737
234612
351269
118018
819121
1310
584393
467738
700970
1311
234613
118019
584394
351270
819122
234614
700971
1312
351271
584395
467739
819124
234615
118020
700972
819125
234616
584396
351272
467740
700973
1313
234617
819126
467741
351273
700974
234618
584397
118021
1314
819127
234619
700975
467742
584398
351274
234620
819128
118022
1315
700976
118023
1316
351275
584399
819129
118024
819130
700977
351276
467743
118025
584400
118026
234621
1317
819131
351277
467744
700978
118027
234622
584401
819132
118028
351278
467745
1318
234623
700979
584402
1319
118029
467746
819133
351279
1320
234624
700980
467747
584403
819134
351280
1321
118030
700981
234625
351281
819135
467748
584404
118031
1322
351282
700982
234626
467749
118032
819136
351283
584405
118033
700983
234627
351284
819137
467750
118034
584406
1323
700984
351285
234628
118035
819141
467751
1324
584407
351286
234629
700985
118036
351287
467752
1325
819142
700986
351288
584408
118037
467753
1326
819143
118038
351289
700987
234630
1327
584409
819144
700988
1328
234631
118039
819145
700989
234632
584410
351290
118040
819146
467754
234633
1329
351291
467755
118041
234634
584411
1330
819147
467756
234635
351292
1331
351293
118042
234636
700990
1332
584412
819148
467757
118043
351294
234637
700991
118044
819149
467758
351295
234638
1333
584413
700992
118045
1334
819150
351296
467759
118046
700993
1335
234639
1336
351297
819151
467760
584414
1337
700994
118047
351298
819152
234640
467761
700995
351299
584415
118048
819153
700996
467762
351300
819156
351301
700997
584416
467763
234641
819157
118049
1338
700998
467764
351302
234642
584417
819158
351303
1339
467765
700999
234643
118050
351304
1340
819159
701000
351305
467766
584418
1341
234644
118051
819160
701001
351306
467767
1342
584419
118052
819161
467768
234645
1343
701002
584420
351307
234646
467769
118053
819162
1344
351308
701003
118054
467770
584421
351309
819163
234647
1345
118055
701004
467771
351310
1346
819164
118056
1347
351311
467772
584422
701005
234648
1348
819165
351312
467773
118057
584423
701006
234649
819166
118058
351313
701007
467774
819168
118059
234650
584424
351314
701008
467775
118060
234651
819169
351315
584425
1349
234652
701009
1350
118061
351316
819170
234653
118062
467776
1351
351317
701010
819171
118063
584426
1352
467777
351318
118064
1353
234654
819172
351319
467778
1354
234655
584427
118065
1355
351320
234656
819173
467779
351321
118066
467780
234657
584428
701011
819174
118067
467781
234658
351322
701012
819175
234659
351323
584429
118068
701013
234660
819176
351324
1356
234661
584430
118069
1357
819177
701014
351325
1358
118070
819178
584431
118071
351326
1359
701015
819179
118072
1360
584432
234662
351327
467782
118073
1361
819180
701016
584433
234663
118074
467783
819181
118075
584434
1362
467784
701017
234664
819183
467785
1363
118076
584435
1364
819184
467786
118077
1365
234665
1366
819185
118078
584436
701018
467787
1367
351328
819186
701019
234666
118079
351329
467788
584437
118080
701020
351330
819187
234667
467789
118081
1368
351331
701021
584438
118082
819188
1369
467790
351332
234668
118083
701022
1370
819189
351333
467791
118084
584439
234669
701023
819190
351334
118085
467792
701024
118086
819191
351335
1371
584440
701025
467793
819192
351336
118087
1372
234670
118088
467794
701026
819193
584441
351337
118089
1373
819196
118090
467795
701027
234671
351338
1374
118091
351339
1375
819197
584442
467796
701028
234672
118092
819198
467797
1376
701029
118093
351340
584443
819199
467798
351341
701030
234673
819200
118094
467799
1377
351342
701031
118095
819201
584444
234674
118096
351343
467800
701032
1378
118097
819202
467801
351344
234675
118098
701033
467802
819203
584445
351345
701034
118099
234676
118100
467803
819206
1379
701035
351346
584446
819207
118101
701036
351347
234677
584447
819208
701037
118102
467804
584448
819209
1380
351348
234678
118103
1381
819211
584449
351349
467805
1382
819212
1383
118104
584450
351350
234679
701038
819213
467806
118105
351351
701039
1384
819214
234680
351352
467807
584451
701040
819215
351353
118106
1385
584452
467808
351354
118107
701041
234681
819216
1386
118108
584453
351355
819217
118109
1387
467809
351356
584454
118110
819218
234682
1388
118111
819219
584455
351357
701042
118112
351358
1389
819220
584456
118113
467810
701043
819221
118114
351359
584457
1390
701044
819222
351360
467811
701045
584458
1391
819223
234683
351361
118115
701046
584459
351362
467812
819224
1392
118116
234684
1393
351363
118117
701047
819225
1394
584460
234685
819226
118118
701048
467813
1395
351364
118119
819227
1396
234686
701049
1397
584461
819228
351365
118120
1398
584462
1399
234687
351366
118121
467814
819229
1400
584463
351367
1401
234688
701050
351368
1402
819230
584464
118122
234689
1403
118123
701051
351369
118124
819231
234690
1404
467815
701052
351370
234691
1405
118125
1406
467816
819232
351371
1407
234692
1408
118126
701053
351372
118127
467817
234693
584465
819233
118128
1409
701054
234694
351373
584466
467818
1410
584467
819234
351374
1411
234695
467819
234696
701055
467820
351375
584468
1412
819236
467821
351376
1413
701056
118129
1414
584469
819237
467822
234697
1415
118130
351377
1416
234698
584470
819238
701057
1417
351378
234699
118131
819239
584471
234700
351379
118132
1418
701058
584472
819240
467823
118133
1419
234701
351380
584473
701059
819241
467824
234702
351381
701060
118134
819242
467825
234703
118135
351382
1420
819243
467826
584474
701061
118136
1421
234704
351383
819244
467827
118137
1422
234705
351384
584475
118138
701062
819245
234706
467828
351385
819246
118139
1423
467829
351386
701063
584476
1424
819247
234707
1425
118140
584477
234708
819248
467830
351387
118141
234709
1426
819249
467831
351388
1427
118142
584478
234710
1428
819250
701064
351389
467832
1429
234711
584479
118143
819251
1430
351390
234712
118144
584480
701065
819252
1431
467833
1432
234713
351391
118145
819253
234714
584481
701066
351392
467834
819254
118146
234715
1433
584482
351393
1434
819255
1435
701067
467835
351394
118147
234716
584483
1436
819256
118148
467836
584484
351395
234717
701068
118149
819257
118150
234718
351396
584485
1437
701069
351397
819258
467837
234719
1438
467838
819259
351398
234720
701070
467839
584486
1439
819260
234721
467840
701071
351399
819261
234722
584487
467841
351400
1440
819262
584488
351401
467842
1441
819264
701072
234723
467843
584489
819265
1442
234724
819266
467844
234725
1443
819267
701073
351402
467845
234726
1444
351403
819268
1445
701074
1446
118151
351404
819269
584490
1447
118152
819270
701075
1448
584491
1449
234727
819271
118153
1450
467846
234728
584492
701076
351405
819272
234729
118154
467847
351406
234730
819273
584493
701077
351407
234731
118155
467848
819274
584494
351408
584495
351409
819275
701078
118156
467849
118157
234732
819276
701079
234733
1451
351410
819277
584496
118158
1452
234734
467850
351411
1453
819278
584497
701080
118159
351412
819279
467851
819280
351413
701081
118160
584498
234735
351414
819281
118161
467852
351415
701082
584499
118162
819282
234736
118163
1454
467853
819283
234737
584500
118164
701083
1455
819285
118165
234738
584501
351416
1456
467854
1457
819286
118166
351417
584502
1458
701084
234739
118167
584503
467855
351418
819287
1459
118168
234740
1460
351419
118169
467856
234741
819288
584504
118170
234742
1461
118171
467857
701085
819289
351420
1462
584505
701086
234743
467858
351421
1463
234744
118172
819290
701087
118173
1464
118174
351422
584506
467859
819291
234745
701088
1465
351423
1466
118175
819292
701089
1467
584507
118176
701090
234746
1468
118177
819293
234747
1469
701091
584508
118178
351424
467860
819294
234748
1470
351425
234749
467861
819295
118179
701092
1471
234750
351426
1472
584509
467862
819296
234751
118180
1473
467863
701093
118181
1474
234752
819297
467864
351427
1475
701094
584510
234753
1476
118182
351428
819299
1477
234754
118183
701095
1478
351429
819300
1479
234755
584511
118184
701096
1480
819301
234756
118185
351430
701097
1481
467865
118186
351431
819302
234757
118187
467866
1482
351432
819303
701098
118188
234758
1483
351433
467867
819305
1484
584512
118189
701099
467868
1485
819306
234759
584513
1486
234760
467869
584514
118190
1487
819307
234761
351434
584515
118191
467870
351435
819308
234762
701100
118192
1488
351436
467871
234763
819309
351437
118193
234764
1489
467872
701101
118194
234765
819310
118195
351438
234766
467873
1490
351439
118196
701102
234767
819311
118197
234768
819312
351440
1491
467874
118198
701103
819314
118199
467875
118200
701104
584516
234769
118201
819315
467876
351441
234770
584517
467877
351442
701105
819316
118202
234771
118203
584518
118204
819317
701106
467878
234772
351443
118205
467879
1492
118206
351444
819318
467880
701107
234773
118207
351445
819319
467881
701108
234774
351446
118208
701109
584519
819320
234775
467882
234776
118209
819321
584520
701110
1493
118210
351447
467883
819322
234777
118211
584521
351448
701111
819324
351449
234778
118212
467884
701112
584522
819325
118213
234779
351450
467885
701113
234780
819326
118214
351451
584523
1494
118215
234781
819327
467886
118216
234782
701114
819328
351452
118217
584524
118218
701115
351453
234783
819329
1495
584525
118219
351454
701116
118220
234784
819330
467887
584526
234785
701117
467888
819331
234786
118221
1496
584527
118222
701118
234787
467889
819332
351455
584528
118223
118224
351456
118225
701119
467890
819333
351457
234788
584529
467891
351458
118226
819334
1497
701120
584530
351459
467892
118227
234789
701121
819335
584531
467893
234790
118228
701122
819336
467894
351460
234791
1498
701123
118229
467895
584532
819337
234792
118230
701124
467896
351461
584533
118231
819338
234793
701125
467897
118232
584534
351462
819339
467898
701126
819343
118233
351463
701127
819344
351464
118234
234794
584535
819345
351465
701128
1499
467899
819346
118235
584536
701129
234795
467900
351466
118236
819347
234796
118237
701130
467901
351467
819349
584537
118238
234797
467902
351468
819350
701131
584538
118239
467903
819352
234798
351469
701132
118240
234799
467904
584539
819353
351470
118241
234800
701133
118242
584540
1500
819354
467905
118243
351471
118244
467906
584541
701134
819355
234801
351472
118245
584542
467907
351473
819356
118246
701135
118247
467908
584543
819357
234802
467909
701136
118248
819358
234803
1501
351474
584544
701137
118249
819359
118250
234804
819360
118251
1502
701138
118252
819361
584545
234805
118253
701139
819362
467910
584546
118254
819363
701140
1503
118255
467911
118256
819364
584547
118257
467912
351475
234806
819365
584548
701141
467913
118258
819366
118259
351476
819367
118260
467914
701142
584549
118261
819368
118262
351477
584550
118263
234807
701143
819369
467915
118264
118265
819370
351478
234808
118266
1504
467916
701144
584551
819371
234809
118267
584552
467917
351479
819372
118268
234810
701145
584553
118269
819373
467918
234811
118270
351480
819374
584554
467919
118271
701146
819375
584555
467920
234812
819376
1505
118272
234813
701147
467921
118273
584556
819377
118274
351481
467922
118275
234814
819378
584557
701148
118276
234815
819379
584558
1506
118277
351482
819380
234816
584559
118278
701149
819381
467923
118279
819382
234817
467924
351483
118280
1507
819383
701150
118281
234818
819384
351484
118282
584560
819385
701151
118283
467925
234819
819386
351485
234820
467926
819387
584561
118284
701152
234821
1508
118285
467927
819388
234822
351486
819389
118286
467928
234823
584562
819390
701153
467929
118287
1509
351487
819391
701154
118288
819392
467930
234824
701155
819393
234825
118289
467931
819394
118290
234826
701156
467932
234827
819395
584563
701157
467933
118291
819396
234828
467934
701158
819397
234829
118292
234830
819398
584564
701159
467935
819399
1510
819400
467936
701160
118293
819401
584565
234831
118294
351488
467937
234832
118295
819402
351489
467938
118296
234833
819403
701161
467939
584566
351490
234834
118297
819404
701162
1511
118298
819405
351491
467940
701163
234835
118299
351492
819406
234836
701164
351493
118300
467941
819407
234837
701165
118301
584567
467942
819408
701166
118302
351494
1512
234838
118303
819409
467943
351495
118304
234839
819410
701167
467944
351496
584568
819411
118305
234840
467945
351497
819413
118306
234841
701168
118307
819414
234842
351498
701169
1513
234843
819415
467946
118308
234844
118309
351499
467947
819416
701170
234845
351500
819417
467948
118310
234846
819420
467949
351501
118311
234847
701171
118312
819421
467950
234848
118313
819424
351502
701172
467951
819425
234849
351503
584569
701173
118314
819426
467952
351504
701174
118315
819427
1514
234850
467953
819428
351505
118316
234851
467954
701175
819429
351506
118317
234852
819430
118318
701176
467955
584570
351507
118319
1515
819431
467956
234853
351508
819432
701177
118320
118321
234854
351509
819433
701178
118322
584571
234855
819434
118323
467957
1516
118324
819435
701179
351510
234856
467958
819436
118325
351511
819437
467959
584572
351512
234857
118326
467960
351513
819438
701180
118327
234858
351514
118328
819439
467961
584573
1517
118329
351515
234859
819440
467962
118330
351516
118331
819441
234860
584574
467963
701181
118332
819442
467964
351517
234861
701182
467965
819443
118333
351518
234862
584575
118334
701183
819444
467966
118335
351519
1518
819445
234863
118336
467967
351520
118337
819446
234864
819447
467968
351521
1519
234865
118338
819448
701184
467969
584576
351522
819449
701185
234866
118339
467970
819450
234867
467971
701186
351523
819451
234868
118340
467972
234869
819452
701187
351524
467973
1520
118341
234870
1521
118342
584577
351525
819453
701188
118343
819454
234871
351526
1522
701189
819455
234872
1523
584578
819456
701190
234873
467974
118344
1524
819457
351527
701191
118345
819458
234874
467975
1525
351528
584579
701192
819459
234875
118346
467976
1526
234876
819460
584580
234877
467977
351529
118347
1527
819461
234878
701193
584581
467978
118348
351530
819462
701194
234879
584582
467979
819463
234880
584583
701195
118349
1528
351531
819464
467980
234881
584584
819465
234882
1529
467981
819467
118350
234883
584585
467982
118351
234884
819468
1530
467983
819469
234885
118352
467984
351532
819470
234886
1531
118353
351533
234887
819471
584586
1532
1533
819472
351534
701196
1534
584587
467985
118354
234888
819473
701197
1535
467986
234889
351535
1536
819474
118355
234890
1537
118356
467987
351536
1538
701198
819475
118357
1539
467988
234891
1540
351537
819476
1541
701199
234892
467989
1542
118358
351538
819477
234893
1543
467990
701200
1544
351539
118359
234894
819478
1545
118360
1546
351540
701201
1547
234895
819479
118361
467991
1548
351541
819480
118362
234896
467992
351542
701202
1549
118363
819481
351543
467993
1550
701203
584588
819482
467994
351544
118364
584589
701204
819483
234897
351545
1551
118365
234898
701205
819484
234899
118366
1552
584590
467995
118367
234900
701206
351546
819486
1553
118368
467996
584591
234901
1554
819487
118369
701207
1555
234902
584592
118370
1556
819488
118371
1557
351547
234903
701208
351548
467997
584593
819489
234904
351549
1558
467998
234905
701209
118372
819490
351550
584594
1559
234906
819491
467999
701210
118373
1560
351551
584595
819492
118374
468000
234907
701211
1561
351552
1562
819493
118375
468001
234908
584596
701212
351553
1563
819494
584597
234909
118376
468002
351554
234910
1564
118377
468003
819495
234911
1565
118378
584598
701213
351555
118379
1566
819496
351556
234912
584599
468004
1567
351557
118380
819497
1568
584600
234913
351558
118381
701214
468005
1569
351559
819498
1570
118382
234914
1571
584601
351560
118383
468006
819499
234915
351561
819500
118384
1572
351562
584602
468007
118385
819501
351563
701215
584603
118386
1573
819502
468008
118387
234916
584604
351564
819503
1574
118388
701216
468009
234917
118389
351565
584605
819504
1575
351566
234918
118390
468010
701217
584606
819505
351567
234919
118391
468011
701218
584607
819506
234920
351568
584608
701219
468012
819507
118392
584609
701220
118393
468013
351569
234921
819508
584610
701221
468014
118394
819509
584611
351570
234922
468015
584612
1576
819510
118395
351571
1577
234923
1578
468016
118396
584613
819511
701222
351572
234924
584614
468017
819513
118397
584615
118398
468018
701223
234925
351573
819514
584616
468019
819515
118399
1579
1580
468020
584617
819516
118400
351574
234926
701224
118401
351575
584618
819517
1581
118402
351576
584619
234927
118403
819518
468021
351577
701225
584620
1582
819519
234928
1583
584621
118404
468022
118405
819520
1584
351578
701226
234929
468023
118406
584622
1585
118407
819521
351579
584623
468024
234930
819522
118408
351580
701227
1586
584624
118409
819523
118410
234931
351581
1587
701228
819524
584625
468025
118411
351582
118412
1588
819527
584626
234932
701229
118413
1589
468026
351583
118414
819528
584627
234933
118415
1590
819529
118416
584628
351584
118417
234934
819530
1591
468027
701230
118418
351585
584629
819531
468028
118419
351586
701231
819532
118420
468029
234935
584630
118421
819533
701232
351587
468030
234936
118422
584631
701233
819534
118423
234937
468031
1592
584632
234938
351588
1593
819535
701234
118424
584633
468032
234939
351589
819536
701235
234940
118425
584634
1594
351590
819537
468033
234941
701236
351591
118426
584635
1595
819538
468034
234942
351592
118427
234943
1596
584636
118428
819539
468035
1597
1598
584637
819540
468036
1599
701237
234944
351593
584638
118429
819541
234945
118430
1600
351594
584639
118431
468037
819542
351595
118432
584640
468038
234946
701238
819543
118433
1601
584641
468039
351596
701239
234947
1602
118434
819544
1603
468040
234948
118435
584642
701240
351597
819545
468041
118436
1604
701241
351598
234949
819546
584643
118437
468042
819547
701242
1605
351599
584644
819548
468043
118438
1606
701243
351600
234950
1607
584645
819549
468044
701244
118439
351601
234951
118440
584646
701245
819550
118441
1608
351602
468045
118442
819551
701246
234952
1609
118443
234953
584647
351603
1610
819553
701247
468046
819554
118444
1611
701248
351604
819555
584648
468047
1612
351605
701249
819556
234954
118445
1613
351606
234955
819557
701250
118446
468048
234956
584649
819558
701251
234957
118447
351607
819559
584650
468049
351608
118448
701252
819560
584651
234958
351609
468050
819561
701253
351610
584652
819562
351611
468051
701254
819563
234959
351612
584653
819564
701255
234960
351613
468052
118449
819565
234961
1614
351614
468053
701256
584654
819566
234962
351615
819568
584655
701257
1615
468054
1616
234963
819569
584656
1617
118450
701258
351616
468055
819570
1618
234964
351617
584657
701259
1619
819572
1620
118451
468056
584658
234965
819573
118452
701260
351618
234966
1621
584659
819574
234967
351619
1622
701261
234968
584660
468057
819575
1623
234969
701262
1624
584661
351620
118453
701263
819576
234970
468058
351621
584662
118454
819577
234971
701264
468059
1625
118455
234972
819580
701265
584663
468060
1626
351622
118456
1627
701266
819581
118457
234973
351623
701267
584664
819582
234974
1628
468061
118458
701268
819583
584665
234975
468062
351624
1629
701269
118459
819584
584666
234976
468063
118460
351625
234977
819585
584667
1630
118461
468064
351626
1631
819586
234978
584668
118462
468065
351627
234979
819587
584669
1632
234980
1633
468066
351628
118463
819588
584670
234981
701270
468067
118464
351629
819589
234982
584671
1634
819590
701271
234983
468068
1635
584672
1636
819591
234984
351630
584673
1637
468069
701272
1638
234985
819592
351631
584674
118465
701273
234986
351632
819593
468070
1639
118466
584675
1640
234987
819594
1641
468071
118467
234988
584676
1642
819595
118468
351633
1643
468072
701274
584677
118469
819596
351634
701275
234989
468073
584678
351635
234990
819597
1644
118470
468074
701276
584679
351636
234991
468075
819598
701277
584680
1645
351637
118471
234992
468076
351638
584681
701278
819599
1646
234993
584682
468077
351639
1647
819600
701279
234994
118472
468078
351640
234995
1648
819601
118473
701280
468079
351641
584683
1649
234996
468080
819602
351642
701281
584684
1650
234997
351643
1651
468081
819603
701282
351644
468082
118474
584685
1652
819604
701283
351645
468083
118475
234998
584686
1653
819606
468084
351646
1654
701284
234999
584687
819607
118476
351647
468085
1655
235000
701285
1656
584688
819608
468086
118477
1657
235001
584689
118478
701286
819609
1658
468087
235002
118479
1659
584690
819610
468088
351648
118480
235003
1660
584691
468089
819611
351649
701287
118481
1661
235004
468090
584692
118482
1662
819612
235005
701288
1663
584693
118483
819613
235006
468091
1664
701289
118484
584694
235007
1665
819614
1666
468092
701290
584695
118485
1667
819615
235008
118486
1668
701291
468093
235009
819616
351650
118487
235010
1669
584696
701292
351651
819617
235011
468094
584697
118488
1670
351652
235012
701293
1671
819618
118489
584698
468095
235013
584699
118490
701294
1672
235014
819619
468096
351653
1673
1674
819620
235015
584700
468097
1675
701295
235016
819622
1676
584701
1677
819623
468098
235017
1678
701296
351654
819624
235018
584702
1679
701297
351655
819625
118491
468099
1680
118492
235019
118493
468100
351656
701298
819626
584703
1681
468101
118494
351657
584704
819627
701299
118495
235020
351658
819628
1682
118496
468102
1683
701300
118497
351659
235021
819629
1684
118498
584705
1685
351660
118499
1686
584706
819630
701301
235022
584707
118500
1687
819632
351661
701302
1688
468103
351662
584708
118501
235023
819633
351663
584709
118502
1689
235024
701303
468104
819634
1690
584710
118503
1691
351664
819637
701304
235025
118504
468105
819638
351665
584711
118505
701305
468106
819639
118506
235026
584712
351666
468107
118507
819641
701306
584713
235027
118508
468108
819642
584714
118509
351667
1692
819643
468109
118510
1693
235028
584715
351668
819644
1694
701307
235029
468110
584716
118511
1695
819645
701308
351669
118512
468111
584717
1696
235030
819646
701309
351670
468112
1697
235031
118513
819648
584718
701310
235032
819649
468113
118514
351671
701311
819652
1698
235033
468114
351672
1699
118515
235034
819653
701312
351673
468115
1700
235035
819654
584719
1701
351674
701313
235036
468116
1702
118516
235037
584720
1703
819655
701314
351675
468117
235038
351676
701315
1704
584721
468118
235039
819656
701316
118517
351677
584722
1705
235040
468119
701317
235041
1706
701318
819657
468120
235042
118518
584723
1707
701319
235043
468121
819658
235044
1708
118519
584724
1709
235045
819659
351678
584725
701320
118520
1710
235046
1711
468122
819660
351679
701321
235047
584726
468123
1712
701322
235048
1713
819661
584727
351680
701323
118521
468124
235049
1714
584728
701324
118522
235050
1715
819662
351681
584729
1716
235051
118523
701325
468125
819663
351682
584730
1717
235052
701326
1718
118524
584731
235053
701327
351683
468126
1719
584732
819664
118525
701328
235054
351684
118526
584733
468127
235055
701329
819665
351685
1720
118527
584734
235056
118528
351686
701330
1721
584735
235057
468128
819666
1722
351687
235058
118529
701331
1723
235059
351688
584736
118530
1724
351689
235060
819667
118531
468129
118532
235061
819668
351690
701332
1725
584737
235062
819669
351691
468130
1726
701333
468131
118533
351692
584738
1727
118534
468132
235063
819670
351693
118535
701334
584739
235064
468133
1728
701335
351694
819671
468134
235065
118536
1729
584740
351695
701336
1730
584741
819672
235066
118537
351696
468135
701337
235067
351697
819673
235068
468136
118538
351698
819674
701338
235069
118539
468137
118540
351699
235070
819675
1731
701339
468138
118541
235071
351700
819676
1732
468139
118542
701340
351701
819677
1733
1734
819678
584742
351702
1735
468140
235072
819679
118543
584743
701341
351703
819680
118544
468141
235073
351704
701342
1736
118545
584744
1737
819681
701343
235074
1738
1739
584745
819682
1740
351705
1741
468142
701344
1742
235075
819683
351706
584746
1743
468143
701345
351707
235076
819684
468144
584747
351708
235077
819685
118546
1744
235078
819686
351709
118547
1745
468145
235079
1746
118548
819687
584748
1747
235080
351710
468146
118549
819688
1748
235081
584749
468147
1749
118550
351711
235082
1750
819689
235083
118551
701346
351712
468148
351713
819690
1751
118552
701347
1752
584750
468149
235084
118553
351714
819691
1753
468150
701348
118554
235085
584751
701349
118555
819692
468151
351715
235086
351716
584752
118556
235087
819693
351717
701350
118557
468152
1754
351718
118558
235088
584753
1755
468153
701351
819694
118559
351719
235089
1756
118560
584754
701352
351720
1757
235090
468154
819695
1758
351721
235091
701353
584755
468155
118561
819696
235092
351722
118562
468156
351723
235093
819697
468157
118563
351724
701354
468158
235094
118564
351725
1759
701355
819698
468159
351726
118565
235095
1760
468160
584756
819699
235096
118566
1761
468161
351727
584757
701356
819700
235097
1762
468162
235098
819701
468163
701357
118567
584758
1763
819702
468164
351728
1764
235099
819703
118568
351729
584759
235100
468165
701358
819704
351730
235101
118569
1765
468166
118570
819705
351731
235102
584760
701359
468167
235103
118571
1766
351732
819706
118572
584761
468168
701360
235104
819707
235105
1767
351733
819708
701361
468169
235106
1768
584762
118573
351734
819709
468170
701362
235107
118574
1769
584763
819711
701363
468171
118575
235108
351735
584764
819712
468172
351736
1770
235109
701364
1771
118576
351737
584765
468173
235110
701365
819713
118577
235111
468174
1772
701366
235112
584766
1773
819714
118578
468175
235113
701367
351738
235114
118579
1774
584767
468176
819715
701368
351739
235115
468177
351740
701369
118580
235116
584768
1775
819716
468178
118581
235117
1776
351741
701370
468179
235118
819717
584769
1777
118582
351742
1778
701371
235119
468180
584770
351743
118583
819718
235120
468181
351744
235121
1779
584771
468182
235122
819719
118584
351745
1780
118585
468183
351746
235123
118586
819720
1781
584772
468184
118587
351747
235124
819721
1782
468185
701372
1783
351748
118588
1784
819722
235125
351749
468186
584773
1785
118589
819723
468187
351750
118590
1786
701373
118591
351751
468188
819724
1787
235126
118592
468189
351752
1788
819725
701374
468190
235127
118593
351753
1789
118594
235128
819726
351754
468191
584774
1790
118595
235129
468192
351755
701375
819727
1791
235130
118596
351756
468193
235131
118597
1792
351757
819728
235132
468194
701376
1793
118598
235133
1794
819729
1795
351758
118599
1796
235134
819730
1797
351759
1798
118600
235135
468195
819731
701377
235136
351760
118601
468196
235137
819732
468197
351761
584775
701378
118602
819733
468198
351762
118603
584776
235138
819734
468199
235139
351763
118604
584777
1799
468200
819735
701379
235140
1800
351764
118605
584778
468201
235141
819736
118606
351765
701380
819737
235142
118607
351766
118608
584779
819738
235143
468202
118609
235144
819739
1801
118610
468203
351767
819740
584780
468204
118611
235145
351768
819741
1802
118612
235146
468205
701381
351769
1803
819742
118613
235147
351770
118614
819743
468206
584781
118615
701382
235148
351771
819744
1804
468207
351772
1805
235149
819745
584782
118616
351773
235150
701383
819747
118617
468208
584783
235151
118618
351774
819748
468209
118619
1806
235152
1807
701384
584784
118620
235153
819749
351775
1808
118621
351776
235154
584785
118622
819750
468210
1809
235155
351777
819751
1810
701385
235156
118623
584786
118624
351778
468211
819752
701386
118625
351779
1811
584787
468212
819753
351780
701387
235157
468213
235158
351781
118626
819754
1812
701388
584788
468214
118627
351782
235159
819755
701389
351783
235160
1813
468215
351784
584789
819756
235161
701390
118628
1814
235162
468216
819757
351785
235163
1815
118629
701391
351786
584790
235164
819758
468217
1816
701392
118630
351787
235165
819759
351788
468218
819761
235166
701393
1817
118631
584791
819762
351789
235167
468219
1818
701394
819764
235168
1819
351790
118632
1820
584792
235169
701395
819765
351791
468220
1821
235170
118633
819766
701396
468221
1822
235171
351792
118634
819767
468222
584793
235172
701397
351793
819768
468223
118635
235173
351794
819769
468224
701398
1823
118636
584794
235174
468225
351795
819770
701399
1824
351796
819771
1825
118637
351797
701400
468226
235175
1826
819772
351798
1827
118638
701401
468227
819773
1828
118639
701402
584795
351799
118640
1829
819774
584796
468228
701403
235176
1830
819775
468229
584797
1831
118641
701404
819776
351800
235177
118642
118643
819777
468230
351801
701405
235178
1832
819778
1833
351802
118644
701406
1834
