1 1 300
1 2 100
1 3 200
1 39 100
1 44 100
1 46 100
2 1 100
2 2 200
2 3 100
3 1 200
3 2 100
3 3 300
3 39 100
3 44 100
3 46 100
4 4 100
4 6 100
4 7 100
4 8 100
4 9 100
4 10 100
4 11 100
4 12 100
4 13 100
4 14 100
4 17 100
4 20 100
4 21 100
4 39 100
5 5 2900
5 6 100
5 7 300
5 8 300
5 9 600
5 10 400
5 11 300
5 12 100
5 13 400
5 14 600
5 15 100
5 16 100
5 17 300
5 20 100
5 21 200
5 25 100
5 34 100
5 36 100
5 37 100
5 38 100
5 39 2300
5 40 100
5 41 100
5 42 100
5 43 100
5 44 200
5 45 200
5 46 100
5 47 100
5 48 100
5 49 100
5 50 100
5 51 100
5 52 100
5 53 100
5 54 100
5 55 100
5 56 100
5 57 100
5 58 100
5 59 100
5 62 100
5 65 100
5 66 100
5 67 100
5 71 100
5 91 100
6 4 100
6 5 100
6 6 200
6 7 100
6 8 100
6 9 200
6 10 200
6 11 200
6 12 200
6 13 200
6 14 200
6 17 200
6 20 200
6 21 200
6 25 100
6 34 100
6 36 100
6 37 100
6 38 100
6 39 100
6 40 100
6 41 100
6 42 100
6 43 100
6 44 100
6 45 100
6 46 100
6 47 100
6 48 100
6 49 100
6 50 100
6 51 100
6 52 100
6 53 100
6 54 100
6 55 100
6 56 100
6 57 100
6 58 100
6 59 100
6 62 100
7 4 100
7 5 300
7 6 100
7 7 400
7 8 300
7 9 300
7 10 300
7 11 200
7 12 100
7 13 200
7 14 100
7 15 100
7 16 100
7 17 100
7 20 100
7 21 100
7 39 300
8 4 100
8 5 300
8 6 100
8 7 300
8 8 400
8 9 300
8 10 300
8 11 200
8 12 100
8 13 200
8 14 100
8 15 100
8 16 100
8 17 100
8 20 100
8 21 100
8 39 300
9 4 100
9 5 600
9 6 200
9 7 300
9 8 300
9 9 2000
9 10 400
9 11 300
9 12 200
9 13 300
9 14 300
9 15 100
9 16 100
9 17 200
9 20 200
9 21 200
9 25 100
9 34 100
9 36 100
9 37 100
9 38 100
9 39 400
9 40 100
9 41 100
9 42 100
9 43 100
9 44 100
9 45 100
9 46 100
9 47 100
9 48 100
9 49 100
9 50 100
9 51 100
9 52 100
9 53 100
9 54 100
9 55 100
9 56 100
9 57 100
9 58 100
9 59 100
9 62 100
9 65 100
9 66 100
9 67 100
9 71 100
10 4 100
10 5 400
10 6 200
10 7 300
10 8 300
10 9 400
10 10 500
10 11 300
10 12 200
10 13 300
10 14 200
10 15 100
10 16 100
10 17 200
10 20 200
10 21 200
10 25 100
10 34 100
10 36 100
10 37 100
10 38 100
10 39 200
10 40 100
10 41 100
10 42 100
10 43 100
10 44 100
10 45 100
10 46 100
10 47 100
10 48 100
10 49 100
10 50 100
10 51 100
10 52 100
10 53 100
10 54 100
10 55 100
10 56 100
10 57 100
10 58 100
10 59 100
10 62 100
11 4 100
11 5 300
11 6 200
11 7 200
11 8 200
11 9 300
11 10 300
11 11 400
11 12 200
11 13 300
11 14 300
11 15 100
11 16 100
11 17 200
11 20 200
11 21 200
11 25 100
11 34 100
11 36 100
11 37 100
11 38 100
11 39 300
11 40 100
11 41 100
11 42 100
11 43 100
11 44 100
11 45 100
11 46 100
11 47 100
11 48 100
11 49 100
11 50 100
11 51 100
11 52 100
11 53 100
11 54 100
11 55 100
11 56 100
11 57 100
11 58 100
11 59 100
11 62 100
11 65 100
11 66 100
11 67 100
11 71 100
12 4 100
12 5 100
12 6 200
12 7 100
12 8 100
12 9 200
12 10 200
12 11 200
12 12 200
12 13 200
12 14 200
12 17 200
12 20 200
12 21 200
12 25 100
12 34 100
12 36 100
12 37 100
12 38 100
12 39 100
12 40 100
12 41 100
12 42 100
12 43 100
12 44 100
12 45 100
12 46 100
12 47 100
12 48 100
12 49 100
12 50 100
12 51 100
12 52 100
12 53 100
12 54 100
12 55 100
12 56 100
12 57 100
12 58 100
12 59 100
12 62 100
13 4 100
13 5 400
13 6 200
13 7 200
13 8 200
13 9 300
13 10 300
13 11 300
13 12 200
13 13 1200
13 14 200
13 15 100
13 16 100
13 17 200
13 20 200
13 21 200
13 25 100
13 34 100
13 36 100
13 37 100
13 38 100
13 39 400
13 40 100
13 41 100
13 42 100
13 43 100
13 44 100
13 45 100
13 46 100
13 47 100
13 48 100
13 49 100
13 50 100
13 51 100
13 52 100
13 53 100
13 54 100
13 55 100
13 56 100
13 57 100
13 58 100
13 59 100
13 62 100
13 65 300
13 66 300
13 67 400
13 68 100
13 69 100
13 70 100
13 71 300
13 72 100
14 4 100
14 5 600
14 6 200
14 7 100
14 8 100
14 9 300
14 10 200
14 11 300
14 12 200
14 13 200
14 14 700
14 17 300
14 20 200
14 21 300
14 25 100
14 34 100
14 36 100
14 37 100
14 38 100
14 39 600
14 40 100
14 41 100
14 42 100
14 43 100
14 44 100
14 45 100
14 46 100
14 47 100
14 48 100
14 49 100
14 50 100
14 51 100
14 52 100
14 53 100
14 54 100
14 55 100
14 56 100
14 57 100
14 58 100
14 59 100
14 62 100
14 65 100
14 66 100
14 67 100
14 71 100
15 5 100
15 7 100
15 8 100
15 9 100
15 10 100
15 11 100
15 13 100
15 15 200
15 16 100
15 39 100
16 5 100
16 7 100
16 8 100
16 9 100
16 10 100
16 11 100
16 13 100
16 15 100
16 16 200
16 39 100
17 4 100
17 5 300
17 6 200
17 7 100
17 8 100
17 9 200
17 10 200
17 11 200
17 12 200
17 13 200
17 14 300
17 17 400
17 20 200
17 21 300
17 25 100
17 34 100
17 36 100
17 37 100
17 38 100
17 39 300
17 40 100
17 41 100
17 42 100
17 43 100
17 44 100
17 45 100
17 46 100
17 47 100
17 48 100
17 49 100
17 50 100
17 51 100
17 52 100
17 53 100
17 54 100
17 55 100
17 56 100
17 57 100
17 58 100
17 59 100
17 62 100
18 18 200
18 19 100
18 27 100
18 29 100
18 31 100
18 32 100
18 33 100
18 34 100
18 35 100
18 36 100
18 37 100
18 38 100
18 39 100
18 44 100
18 61 100
18 63 100
19 18 100
19 19 200
19 27 100
19 29 100
19 31 100
19 32 100
19 33 100
19 34 100
19 35 100
19 36 100
19 37 100
19 38 100
19 39 100
19 44 100
19 61 100
19 63 100
20 4 100
20 5 100
20 6 200
20 7 100
20 8 100
20 9 200
20 10 200
20 11 200
20 12 200
20 13 200
20 14 200
20 17 200
20 20 200
20 21 200
20 25 100
20 34 100
20 36 100
20 37 100
20 38 100
20 39 100
20 40 100
20 41 100
20 42 100
20 43 100
20 44 100
20 45 100
20 46 100
20 47 100
20 48 100
20 49 100
20 50 100
20 51 100
20 52 100
20 53 100
20 54 100
20 55 100
20 56 100
20 57 100
20 58 100
20 59 100
20 62 100
21 4 100
21 5 200
21 6 200
21 7 100
21 8 100
21 9 200
21 10 200
21 11 200
21 12 200
21 13 200
21 14 300
21 17 300
21 20 200
21 21 300
21 25 100
21 34 100
21 36 100
21 37 100
21 38 100
21 39 200
21 40 100
21 41 100
21 42 100
21 43 100
21 44 100
21 45 100
21 46 100
21 47 100
21 48 100
21 49 100
21 50 100
21 51 100
21 52 100
21 53 100
21 54 100
21 55 100
21 56 100
21 57 100
21 58 100
21 59 100
21 62 100
22 22 1200
22 23 400
22 24 300
22 25 600
22 34 100
22 36 100
22 38 100
22 39 500
22 40 100
22 41 200
22 42 500
22 43 200
22 44 700
22 45 100
22 46 100
22 47 200
22 49 200
22 50 100
22 51 200
22 52 300
22 55 100
22 57 100
22 59 100
22 62 100
22 87 100
23 22 400
23 23 500
23 24 300
23 25 400
23 34 100
23 36 100
23 38 100
23 39 300
23 40 100
23 41 200
23 42 300
23 43 200
23 44 400
23 45 100
23 46 100
23 47 200
23 49 200
23 50 100
23 51 200
23 52 200
23 55 100
23 57 100
23 59 100
23 62 100
23 87 100
24 22 300
24 23 300
24 24 400
24 25 300
24 34 100
24 36 100
24 38 100
24 39 200
24 41 100
24 42 200
24 43 100
24 44 300
24 45 100
24 46 100
24 47 100
24 49 100
24 50 100
24 51 100
24 52 100
24 55 100
24 57 100
24 59 100
25 5 100
25 6 100
25 9 100
25 10 100
25 11 100
25 12 100
25 13 100
25 14 100
25 17 100
25 20 100
25 21 100
25 22 600
25 23 400
25 24 300
25 25 900
25 34 200
25 36 200
25 37 100
25 38 200
25 39 500
25 40 200
25 41 400
25 42 500
25 43 300
25 44 800
25 45 200
25 46 200
25 47 300
25 48 100
25 49 300
25 50 200
25 51 300
25 52 400
25 53 100
25 54 100
25 55 200
25 56 100
25 57 200
25 58 100
25 59 200
25 62 200
25 87 100
26 26 100
26 28 100
26 29 100
26 30 100
26 34 100
26 61 100
27 18 100
27 19 100
27 27 800
27 28 100
27 29 200
27 30 100
27 31 200
27 32 200
27 33 100
27 34 400
27 35 100
27 36 100
27 37 100
27 38 100
27 39 100
27 44 100
27 61 200
27 63 200
28 26 100
28 27 100
28 28 200
28 29 100
28 30 100
28 34 200
28 61 100
28 63 100
29 18 100
29 19 100
29 26 100
29 27 200
29 28 100
29 29 400
29 30 100
29 31 100
29 32 100
29 33 100
29 34 200
29 35 100
29 36 100
29 37 100
29 38 100
29 39 100
29 44 100
29 61 200
29 63 100
30 26 100
30 27 100
30 28 100
30 29 100
30 30 200
30 31 100
30 34 200
30 61 100
31 18 100
31 19 100
31 27 200
31 29 100
31 30 100
31 31 200
31 32 100
31 33 100
31 34 100
31 35 100
31 36 100
31 37 100
31 38 100
31 39 100
31 44 100
31 61 100
31 63 100
32 18 100
32 19 100
32 27 200
32 29 100
32 31 100
32 32 200
32 33 100
32 34 100
32 35 100
32 36 100
32 37 100
32 38 100
32 39 100
32 44 100
32 61 200
32 63 100
33 18 100
33 19 100
33 27 100
33 29 100
33 31 100
33 32 100
33 33 200
33 34 100
33 35 100
33 36 100
33 37 100
33 38 100
33 39 100
33 44 100
33 61 100
33 63 100
34 5 100
34 6 100
34 9 100
34 10 100
34 11 100
34 12 100
34 13 100
34 14 100
34 17 100
34 18 100
34 19 100
34 20 100
34 21 100
34 22 100
34 23 100
34 24 100
34 25 200
34 26 100
34 27 400
34 28 200
34 29 200
34 30 200
34 31 100
34 32 100
34 33 100
34 34 3100
34 35 300
34 36 700
34 37 300
34 38 400
34 39 400
34 40 100
34 41 200
34 42 200
34 43 200
34 44 300
34 45 200
34 46 200
34 47 200
34 48 100
34 49 200
34 50 200
34 51 200
34 52 200
34 53 200
34 54 100
34 55 200
34 56 100
34 57 200
34 58 100
34 59 200
34 60 200
34 61 200
34 62 100
34 63 200
34 64 100
35 18 100
35 19 100
35 27 100
35 29 100
35 31 100
35 32 100
35 33 100
35 34 300
35 35 800
35 36 300
35 37 200
35 38 200
35 39 200
35 44 200
35 53 100
35 60 200
35 61 100
35 63 100
36 5 100
36 6 100
36 9 100
36 10 100
36 11 100
36 12 100
36 13 100
36 14 100
36 17 100
36 18 100
36 19 100
36 20 100
36 21 100
36 22 100
36 23 100
36 24 100
36 25 200
36 27 100
36 29 100
36 31 100
36 32 100
36 33 100
36 34 700
36 35 300
36 36 1400
36 37 300
36 38 400
36 39 600
36 40 100
36 41 200
36 42 200
36 43 200
36 44 300
36 45 200
36 46 200
36 47 200
36 48 100
36 49 200
36 50 200
36 51 200
36 52 200
36 53 200
36 54 100
36 55 200
36 56 100
36 57 200
36 58 100
36 59 200
36 60 100
36 61 100
36 62 200
36 63 100
36 64 100
37 5 100
37 6 100
37 9 100
37 10 100
37 11 100
37 12 100
37 13 100
37 14 100
37 17 100
37 18 100
37 19 100
37 20 100
37 21 100
37 25 100
37 27 100
37 29 100
37 31 100
37 32 100
37 33 100
37 34 300
37 35 200
37 36 300
37 37 400
37 38 300
37 39 300
37 40 100
37 41 100
37 42 100
37 43 100
37 44 400
37 45 100
37 46 100
37 47 100
37 48 100
37 49 100
37 50 100
37 51 100
37 52 100
37 53 200
37 54 100
37 55 100
37 56 100
37 57 100
37 58 100
37 59 100
37 60 100
37 61 100
37 62 100
37 63 100
37 64 100
38 5 100
38 6 100
38 9 100
38 10 100
38 11 100
38 12 100
38 13 100
38 14 100
38 17 100
38 18 100
38 19 100
38 20 100
38 21 100
38 22 100
38 23 100
38 24 100
38 25 200
38 27 100
38 29 100
38 31 100
38 32 100
38 33 100
38 34 400
38 35 200
38 36 400
38 37 300
38 38 900
38 39 400
38 40 100
38 41 200
38 42 200
38 43 200
38 44 300
38 45 200
38 46 200
38 47 200
38 48 100
38 49 200
38 50 200
38 51 200
38 52 200
38 53 200
38 54 100
38 55 200
38 56 100
38 57 200
38 58 100
38 59 200
38 60 100
38 61 100
38 62 100
38 63 100
38 64 300
39 1 100
39 3 100
39 4 100
39 5 2300
39 6 100
39 7 300
39 8 300
39 9 400
39 10 200
39 11 300
39 12 100
39 13 400
39 14 600
39 15 100
39 16 100
39 17 300
39 18 100
39 19 100
39 20 100
39 21 200
39 22 500
39 23 300
39 24 200
39 25 500
39 27 100
39 29 100
39 31 100
39 32 100
39 33 100
39 34 400
39 35 200
39 36 600
39 37 300
39 38 400
39 39 8500
39 40 500
39 41 500
39 42 600
39 43 400
39 44 2700
39 45 200
39 46 200
39 47 900
39 48 100
39 49 600
39 50 500
39 51 500
39 52 500
39 53 200
39 54 300
39 55 600
39 56 200
39 57 800
39 58 300
39 59 400
39 60 100
39 61 100
39 62 300
39 63 100
39 64 100
39 65 100
39 66 100
39 67 100
39 71 100
39 87 100
39 91 100
40 5 100
40 6 100
40 9 100
40 10 100
40 11 100
40 12 100
40 13 100
40 14 100
40 17 100
40 20 100
40 21 100
40 22 100
40 23 100
40 25 200
40 34 100
40 36 100
40 37 100
40 38 100
40 39 500
40 40 1100
40 41 200
40 42 200
40 43 200
40 44 600
40 45 100
40 46 100
40 47 300
40 48 200
40 49 300
40 50 200
40 51 300
40 52 300
40 53 100
40 54 100
40 55 100
40 56 100
40 57 300
40 58 100
40 59 100
40 62 200
40 87 100
41 5 100
41 6 100
41 9 100
41 10 100
41 11 100
41 12 100
41 13 100
41 14 100
41 17 100
41 20 100
41 21 100
41 22 200
41 23 200
41 24 100
41 25 400
41 34 200
41 36 200
41 37 100
41 38 200
41 39 500
41 40 200
41 41 600
41 42 300
41 43 400
41 44 500
41 45 200
41 46 200
41 47 300
41 48 100
41 49 300
41 50 200
41 51 400
41 52 300
41 53 100
41 54 100
41 55 200
41 56 100
41 57 200
41 58 100
41 59 200
41 62 200
41 87 100
42 5 100
42 6 100
42 9 100
42 10 100
42 11 100
42 12 100
42 13 100
42 14 100
42 17 100
42 20 100
42 21 100
42 22 500
42 23 300
42 24 200
42 25 500
42 34 200
42 36 200
42 37 100
42 38 200
42 39 600
42 40 200
42 41 300
42 42 700
42 43 400
42 44 600
42 45 200
42 46 200
42 47 300
42 48 100
42 49 300
42 50 200
42 51 300
42 52 400
42 53 100
42 54 100
42 55 200
42 56 100
42 57 200
42 58 100
42 59 200
42 62 200
42 87 100
43 5 100
43 6 100
43 9 100
43 10 100
43 11 100
43 12 100
43 13 100
43 14 100
43 17 100
43 20 100
43 21 100
43 22 200
43 23 200
43 24 100
43 25 300
43 34 200
43 36 200
43 37 100
43 38 200
43 39 400
43 40 200
43 41 400
43 42 400
43 43 700
43 44 600
43 45 200
43 46 200
43 47 300
43 48 100
43 49 300
43 50 200
43 51 400
43 52 300
43 53 100
43 54 100
43 55 200
43 56 100
43 57 200
43 58 100
43 59 200
43 62 200
43 87 100
44 1 100
44 3 100
44 5 200
44 6 100
44 9 100
44 10 100
44 11 100
44 12 100
44 13 100
44 14 100
44 17 100
44 18 100
44 19 100
44 20 100
44 21 100
44 22 700
44 23 400
44 24 300
44 25 800
44 27 100
44 29 100
44 31 100
44 32 100
44 33 100
44 34 300
44 35 200
44 36 300
44 37 400
44 38 300
44 39 2700
44 40 600
44 41 500
44 42 600
44 43 600
44 44 4200
44 45 200
44 46 200
44 47 500
44 48 200
44 49 400
44 50 300
44 51 400
44 52 400
44 53 200
44 54 300
44 55 300
44 56 300
44 57 500
44 58 300
44 59 300
44 60 100
44 61 100
44 62 200
44 63 100
44 64 100
44 87 100
44 102 100
45 5 200
45 6 100
45 9 100
45 10 100
45 11 100
45 12 100
45 13 100
45 14 100
45 17 100
45 20 100
45 21 100
45 22 100
45 23 100
45 24 100
45 25 200
45 34 200
45 36 200
45 37 100
45 38 200
45 39 200
45 40 100
45 41 200
45 42 200
45 43 200
45 44 200
45 45 300
45 46 200
45 47 200
45 48 100
45 49 200
45 50 200
45 51 200
45 52 200
45 53 100
45 54 100
45 55 200
45 56 100
45 57 200
45 58 100
45 59 200
45 62 100
46 1 100
46 3 100
46 5 100
46 6 100
46 9 100
46 10 100
46 11 100
46 12 100
46 13 100
46 14 100
46 17 100
46 20 100
46 21 100
46 22 100
46 23 100
46 24 100
46 25 200
46 34 200
46 36 200
46 37 100
46 38 200
46 39 200
46 40 100
46 41 200
46 42 200
46 43 200
46 44 200
46 45 200
46 46 300
46 47 200
46 48 100
46 49 200
46 50 200
46 51 200
46 52 200
46 53 100
46 54 100
46 55 200
46 56 100
46 57 200
46 58 100
46 59 200
46 62 100
47 5 100
47 6 100
47 9 100
47 10 100
47 11 100
47 12 100
47 13 100
47 14 100
47 17 100
47 20 100
47 21 100
47 22 200
47 23 200
47 24 100
47 25 300
47 34 200
47 36 200
47 37 100
47 38 200
47 39 900
47 40 300
47 41 300
47 42 300
47 43 300
47 44 500
47 45 200
47 46 200
47 47 1000
47 48 100
47 49 500
47 50 400
47 51 400
47 52 400
47 53 100
47 54 200
47 55 300
47 56 200
47 57 300
47 58 200
47 59 300
47 62 300
47 87 100
48 5 100
48 6 100
48 9 100
48 10 100
48 11 100
48 12 100
48 13 100
48 14 100
48 17 100
48 20 100
48 21 100
48 25 100
48 34 100
48 36 100
48 37 100
48 38 100
48 39 100
48 40 200
48 41 100
48 42 100
48 43 100
48 44 200
48 45 100
48 46 100
48 47 100
48 48 200
48 49 200
48 50 200
48 51 100
48 52 100
48 53 100
48 54 100
48 55 100
48 56 100
48 57 200
48 58 100
48 59 100
48 62 100
49 5 100
49 6 100
49 9 100
49 10 100
49 11 100
49 12 100
49 13 100
49 14 100
49 17 100
49 20 100
49 21 100
49 22 200
49 23 200
49 24 100
49 25 300
49 34 200
49 36 200
49 37 100
49 38 200
49 39 600
49 40 300
49 41 300
49 42 300
49 43 300
49 44 400
49 45 200
49 46 200
49 47 500
49 48 200
49 49 700
49 50 300
49 51 300
49 52 300
49 53 100
49 54 100
49 55 200
49 56 100
49 57 300
49 58 100
49 59 200
49 62 300
49 87 100
50 5 100
50 6 100
50 9 100
50 10 100
50 11 100
50 12 100
50 13 100
50 14 100
50 17 100
50 20 100
50 21 100
50 22 100
50 23 100
50 24 100
50 25 200
50 34 200
50 36 200
50 37 100
50 38 200
50 39 400
50 40 200
50 41 200
50 42 200
50 43 200
50 44 300
50 45 200
50 46 200
50 47 400
50 48 200
50 49 300
50 50 500
50 51 300
50 52 300
50 53 100
50 54 200
50 55 300
50 56 200
50 57 300
50 58 200
50 59 300
50 62 100
51 5 100
51 6 100
51 9 100
51 10 100
51 11 100
51 12 100
51 13 100
51 14 100
51 17 100
51 20 100
51 21 100
51 22 200
51 23 200
51 24 100
51 25 300
51 34 200
51 36 200
51 37 100
51 38 200
51 39 500
51 40 300
51 41 400
51 42 300
51 43 400
51 44 400
51 45 200
51 46 200
51 47 400
51 48 100
51 49 300
51 50 300
51 51 700
51 52 400
51 53 100
51 54 100
51 55 200
51 56 100
51 57 200
51 58 100
51 59 200
51 62 200
51 87 100
52 5 100
52 6 100
52 9 100
52 10 100
52 11 100
52 12 100
52 13 100
52 14 100
52 17 100
52 20 100
52 21 100
52 22 300
52 23 200
52 24 100
52 25 400
52 34 200
52 36 200
52 37 100
52 38 200
52 39 500
52 40 300
52 41 300
52 42 400
52 43 300
52 44 400
52 45 200
52 46 200
52 47 400
52 48 100
52 49 300
52 50 300
52 51 400
52 52 600
52 53 100
52 54 100
52 55 200
52 56 100
52 57 200
52 58 100
52 59 200
52 62 200
52 87 100
53 5 100
53 6 100
53 9 100
53 10 100
53 11 100
53 12 100
53 13 100
53 14 100
53 17 100
53 20 100
53 21 100
53 25 100
53 34 200
53 35 100
53 36 200
53 37 200
53 38 200
53 39 200
53 40 100
53 41 100
53 42 100
53 43 100
53 44 200
53 45 100
53 46 100
53 47 100
53 48 100
53 49 100
53 50 100
53 51 100
53 52 100
53 53 300
53 54 100
53 55 100
53 56 100
53 57 100
53 58 100
53 59 100
53 60 100
53 62 200
54 5 100
54 6 100
54 9 100
54 10 100
54 11 100
54 12 100
54 13 100
54 14 100
54 17 100
54 20 100
54 21 100
54 25 100
54 34 100
54 36 100
54 37 100
54 38 100
54 39 300
54 40 100
54 41 100
54 42 100
54 43 100
54 44 300
54 45 100
54 46 100
54 47 200
54 48 100
54 49 100
54 50 300
54 51 100
54 52 100
54 53 100
54 54 400
54 55 300
54 56 300
54 57 300
54 58 300
54 59 300
54 62 100
55 5 100
55 6 100
55 9 100
55 10 100
55 11 100
55 12 100
55 13 100
55 14 100
55 17 100
55 20 100
55 21 100
55 22 100
55 23 100
55 24 100
55 25 200
55 34 200
55 36 200
55 37 100
55 38 200
55 39 600
55 40 100
55 41 200
55 42 200
55 43 200
55 44 300
55 45 200
55 46 200
55 47 300
55 48 100
55 49 200
55 50 400
55 51 200
55 52 200
55 53 100
55 54 300
55 55 700
55 56 200
55 57 600
55 58 300
55 59 300
55 62 100
56 5 100
56 6 100
56 9 100
56 10 100
56 11 100
56 12 100
56 13 100
56 14 100
56 17 100
56 20 100
56 21 100
56 25 100
56 34 100
56 36 100
56 37 100
56 38 100
56 39 200
56 40 100
56 41 100
56 42 100
56 43 100
56 44 300
56 45 100
56 46 100
56 47 200
56 48 100
56 49 100
56 50 200
56 51 100
56 52 100
56 53 100
56 54 300
56 55 200
56 56 300
56 57 200
56 58 300
56 59 300
56 62 100
57 5 100
57 6 100
57 9 100
57 10 100
57 11 100
57 12 100
57 13 100
57 14 100
57 17 100
57 20 100
57 21 100
57 22 100
57 23 100
57 24 100
57 25 200
57 34 200
57 36 200
57 37 100
57 38 200
57 39 800
57 40 300
57 41 200
57 42 200
57 43 200
57 44 500
57 45 200
57 46 200
57 47 300
57 48 200
57 49 300
57 50 400
57 51 200
57 52 200
57 53 100
57 54 300
57 55 600
57 56 200
57 57 900
57 58 300
57 59 300
57 62 100
58 5 100
58 6 100
58 9 100
58 10 100
58 11 100
58 12 100
58 13 100
58 14 100
58 17 100
58 20 100
58 21 100
58 25 100
58 34 100
58 36 100
58 37 100
58 38 100
58 39 300
58 40 100
58 41 100
58 42 100
58 43 100
58 44 300
58 45 100
58 46 100
58 47 200
58 48 100
58 49 100
58 50 200
58 51 100
58 52 100
58 53 100
58 54 300
58 55 300
58 56 300
58 57 300
58 58 600
58 59 300
58 62 100
59 5 100
59 6 100
59 9 100
59 10 100
59 11 100
59 12 100
59 13 100
59 14 100
59 17 100
59 20 100
59 21 100
59 22 100
59 23 100
59 24 100
59 25 200
59 34 200
59 36 200
59 37 100
59 38 200
59 39 400
59 40 100
59 41 200
59 42 200
59 43 200
59 44 300
59 45 200
59 46 200
59 47 300
59 48 100
59 49 200
59 50 300
59 51 200
59 52 200
59 53 100
59 54 300
59 55 300
59 56 300
59 57 300
59 58 300
59 59 500
59 62 100
60 34 200
60 35 200
60 36 100
60 37 100
60 38 100
60 39 100
60 44 100
60 53 100
60 60 200
61 18 100
61 19 100
61 26 100
61 27 200
61 28 100
61 29 200
61 30 100
61 31 100
61 32 200
61 33 100
61 34 200
61 35 100
61 36 100
61 37 100
61 38 100
61 39 100
61 44 100
61 61 300
61 63 100
62 5 100
62 6 100
62 9 100
62 10 100
62 11 100
62 12 100
62 13 100
62 14 100
62 17 100
62 20 100
62 21 100
62 22 100
62 23 100
62 25 200
62 34 100
62 36 200
62 37 100
62 38 100
62 39 300
62 40 200
62 41 200
62 42 200
62 43 200
62 44 200
62 45 100
62 46 100
62 47 300
62 48 100
62 49 300
62 50 100
62 51 200
62 52 200
62 53 200
62 54 100
62 55 100
62 56 100
62 57 100
62 58 100
62 59 100
62 62 400
62 87 100
63 18 100
63 19 100
63 27 200
63 28 100
63 29 100
63 31 100
63 32 100
63 33 100
63 34 200
63 35 100
63 36 100
63 37 100
63 38 100
63 39 100
63 44 100
63 61 100
63 63 300
64 34 100
64 36 100
64 37 100
64 38 300
64 39 100
64 44 100
64 64 400
65 5 100
65 9 100
65 11 100
65 13 300
65 14 100
65 39 100
65 65 400
65 66 300
65 67 300
65 68 100
65 69 100
65 70 100
65 71 300
65 72 100
66 5 100
66 9 100
66 11 100
66 13 300
66 14 100
66 39 100
66 65 300
66 66 400
66 67 300
66 68 100
66 69 100
66 70 100
66 71 300
66 72 100
67 5 100
67 9 100
67 11 100
67 13 400
67 14 100
67 39 100
67 65 300
67 66 300
67 67 700
67 68 100
67 69 100
67 70 100
67 71 300
67 72 100
68 13 100
68 65 100
68 66 100
68 67 100
68 68 500
68 69 300
68 70 300
68 71 400
68 72 300
69 13 100
69 65 100
69 66 100
69 67 100
69 68 300
69 69 500
69 70 400
69 71 400
69 72 300
70 13 100
70 65 100
70 66 100
70 67 100
70 68 300
70 69 400
70 70 600
70 71 500
70 72 200
71 5 100
71 9 100
71 11 100
71 13 300
71 14 100
71 39 100
71 65 300
71 66 300
71 67 300
71 68 400
71 69 400
71 70 500
71 71 1200
71 72 200
72 13 100
72 65 100
72 66 100
72 67 100
72 68 300
72 69 300
72 70 200
72 71 200
72 72 300
73 73 1500
73 74 1200
73 75 300
73 76 500
73 77 200
73 78 500
73 79 300
73 80 1400
73 81 400
73 82 400
73 83 300
73 84 600
73 85 300
73 86 700
73 87 300
73 88 600
73 89 200
73 90 200
73 91 400
73 92 400
73 93 200
73 94 200
73 95 200
73 96 100
73 100 100
73 101 100
73 102 100
73 103 100
73 104 200
73 107 100
73 108 100
73 109 100
73 110 200
73 111 700
73 112 100
73 113 100
73 114 100
73 115 100
73 116 100
73 117 100
73 118 100
73 119 100
73 120 100
73 121 300
74 73 1200
74 74 1500
74 75 300
74 76 500
74 77 200
74 78 500
74 79 300
74 80 1400
74 81 400
74 82 400
74 83 300
74 84 500
74 85 300
74 86 500
74 87 400
74 88 500
74 89 200
74 90 200
74 91 400
74 92 400
74 93 200
74 94 200
74 95 200
74 96 100
74 100 100
74 101 100
74 102 100
74 103 100
74 104 200
74 107 100
74 108 100
74 109 100
74 110 200
74 111 700
74 112 100
74 113 100
74 114 100
74 115 100
74 116 100
74 117 100
74 118 100
74 119 100
74 120 100
74 121 300
75 73 300
75 74 300
75 75 600
75 76 300
75 77 100
75 78 400
75 79 100
75 80 300
75 81 100
75 82 100
75 83 100
75 84 300
75 85 100
75 86 300
75 87 200
75 88 300
75 89 200
75 90 200
75 91 300
75 92 300
75 93 100
75 94 100
75 95 100
75 96 100
75 104 100
75 111 400
75 121 100
76 73 500
76 74 500
76 75 300
76 76 1600
76 77 200
76 78 600
76 79 200
76 80 700
76 81 200
76 82 100
76 83 100
76 84 400
76 85 100
76 86 400
76 87 200
76 88 300
76 89 200
76 90 200
76 91 300
76 92 400
76 93 300
76 94 200
76 95 200
76 96 100
76 104 400
76 110 100
76 111 700
76 112 200
76 113 200
76 114 200
76 115 100
76 116 100
76 117 100
76 118 100
76 119 100
76 120 200
76 121 300
77 73 200
77 74 200
77 75 100
77 76 200
77 77 400
77 78 300
77 79 200
77 80 300
77 81 200
77 82 100
77 83 100
77 84 100
77 85 100
77 86 100
77 87 100
77 88 100
77 89 100
77 90 100
77 91 100
77 92 100
77 93 100
77 94 200
77 95 200
77 96 300
77 104 200
77 111 300
77 121 300
77 122 100
78 16 100
78 27 100
78 45 100
78 73 500
78 74 500
78 75 400
78 76 600
78 77 300
78 78 2800
78 79 300
78 80 1800
78 81 300
78 82 300
78 83 100
78 84 500
78 85 100
78 86 300
78 87 200
78 88 600
78 89 200
78 90 200
78 91 300
78 92 300
78 93 200
78 94 200
78 95 200
78 96 300
78 97 100
78 98 100
78 104 300
78 105 100
78 106 100
78 111 1200
78 112 100
78 113 100
78 114 100
78 120 100
78 121 300
78 122 100
79 16 100
79 73 300
79 74 300
79 75 100
79 76 200
79 77 200
79 78 300
79 79 400
79 80 300
79 81 300
79 82 200
79 83 100
79 84 200
79 85 100
79 86 100
79 87 100
79 88 300
79 89 100
79 90 100
79 91 100
79 92 100
79 93 100
79 94 200
79 95 200
79 96 100
79 104 200
79 111 200
79 121 200
80 16 100
80 45 100
80 73 1400
80 74 1400
80 75 300
80 76 700
80 77 300
80 78 1800
80 79 300
80 80 5300
80 81 500
80 82 500
80 83 300
80 84 900
80 85 200
80 86 1000
80 87 300
80 88 900
80 89 200
80 90 200
80 91 400
80 92 400
80 93 300
80 94 200
80 95 200
80 96 300
80 97 100
80 98 100
80 100 100
80 101 100
80 102 100
80 103 100
80 104 300
80 105 100
80 106 100
80 107 200
80 108 100
80 109 100
80 110 200
80 111 1800
80 112 200
80 113 200
80 114 200
80 115 100
80 116 100
80 117 100
80 118 100
80 119 100
80 120 300
80 121 800
80 122 100
81 45 100
81 73 400
81 74 400
81 75 100
81 76 200
81 77 200
81 78 300
81 79 300
81 80 500
81 81 1200
81 82 300
81 83 300
81 84 300
81 85 100
81 86 300
81 87 100
81 88 300
81 89 100
81 90 100
81 91 100
81 92 100
81 93 100
81 94 200
81 95 200
81 96 100
81 97 300
81 98 300
81 99 300
81 104 200
81 106 100
81 111 300
81 121 200
82 73 400
82 74 400
82 75 100
82 76 100
82 77 100
82 78 300
82 79 200
82 80 500
82 81 300
82 82 600
82 83 300
82 84 500
82 85 200
82 86 300
82 87 200
82 88 300
82 89 100
82 90 100
82 91 100
82 92 100
82 93 100
82 94 100
82 95 100
82 96 100
82 97 100
82 98 100
82 104 100
82 106 100
82 111 400
82 121 100
83 73 300
83 74 300
83 75 100
83 76 100
83 77 100
83 78 100
83 79 100
83 80 300
83 81 300
83 82 300
83 83 400
83 84 300
83 85 200
83 86 300
83 87 200
83 88 200
83 89 100
83 90 100
83 91 100
83 92 100
83 93 100
83 94 100
83 95 100
83 96 100
83 104 100
83 111 300
83 121 100
84 73 600
84 74 500
84 75 300
84 76 400
84 77 100
84 78 500
84 79 200
84 80 900
84 81 300
84 82 500
84 83 300
84 84 1000
84 85 200
84 86 700
84 87 300
84 88 500
84 89 200
84 90 200
84 91 300
84 92 400
84 93 200
84 94 100
84 95 100
84 96 100
84 97 100
84 98 100
84 104 100
84 106 100
84 110 100
84 111 500
84 112 100
84 113 100
84 114 100
84 115 100
84 116 100
84 117 100
84 118 100
84 119 100
84 120 100
84 121 200
85 73 300
85 74 300
85 75 100
85 76 100
85 77 100
85 78 100
85 79 100
85 80 200
85 81 100
85 82 200
85 83 200
85 84 200
85 85 300
85 86 200
85 87 300
85 88 200
85 89 100
85 90 100
85 91 200
85 92 100
85 93 100
85 94 100
85 95 100
85 96 100
85 104 100
85 111 200
85 121 100
86 73 700
86 74 500
86 75 300
86 76 400
86 77 100
86 78 300
86 79 100
86 80 1000
86 81 300
86 82 300
86 83 300
86 84 700
86 85 200
86 86 1100
86 87 300
86 88 500
86 89 200
86 90 200
86 91 400
86 92 400
86 93 200
86 94 100
86 95 100
86 96 100
86 104 100
86 110 100
86 111 400
86 112 100
86 113 100
86 114 100
86 115 100
86 116 100
86 117 100
86 118 100
86 119 100
86 120 100
86 121 200
87 73 300
87 74 400
87 75 200
87 76 200
87 77 100
87 78 200
87 79 100
87 80 300
87 81 100
87 82 200
87 83 200
87 84 300
87 85 300
87 86 300
87 87 400
87 88 300
87 89 100
87 90 100
87 91 300
87 92 200
87 93 100
87 94 100
87 95 100
87 96 100
87 104 100
87 111 300
87 121 100
88 16 100
88 45 100
88 73 600
88 74 500
88 75 300
88 76 300
88 77 100
88 78 600
88 79 300
88 80 900
88 81 300
88 82 300
88 83 200
88 84 500
88 85 200
88 86 500
88 87 300
88 88 1000
88 89 200
88 90 200
88 91 300
88 92 400
88 93 100
88 94 100
88 95 100
88 96 100
88 100 100
88 101 100
88 102 100
88 103 100
88 104 100
88 107 100
88 108 100
88 109 100
88 111 500
88 121 100
89 73 200
89 74 200
89 75 200
89 76 200
89 77 100
89 78 200
89 79 100
89 80 200
89 81 100
89 82 100
89 83 100
89 84 200
89 85 100
89 86 200
89 87 100
89 88 200
89 89 600
89 90 300
89 91 200
89 92 200
89 93 100
89 94 100
89 95 100
89 96 100
89 104 100
89 111 200
89 121 100
90 73 200
90 74 200
90 75 200
90 76 200
90 77 100
90 78 200
90 79 100
90 80 200
90 81 100
90 82 100
90 83 100
90 84 200
90 85 100
90 86 200
90 87 100
90 88 200
90 89 300
90 90 400
90 91 200
90 92 200
90 93 100
90 94 100
90 95 100
90 96 100
90 104 100
90 111 200
90 121 100
91 5 100
91 39 100
91 73 400
91 74 400
91 75 300
91 76 300
91 77 100
91 78 300
91 79 100
91 80 400
91 81 100
91 82 100
91 83 100
91 84 300
91 85 200
91 86 400
91 87 300
91 88 300
91 89 200
91 90 200
91 91 3300
91 92 300
91 93 100
91 94 100
91 95 100
91 96 100
91 100 200
91 101 200
91 102 200
91 103 200
91 104 100
91 107 200
91 108 200
91 109 200
91 110 100
91 111 400
91 121 100
92 73 400
92 74 400
92 75 300
92 76 400
92 77 100
92 78 300
92 79 100
92 80 400
92 81 100
92 82 100
92 83 100
92 84 400
92 85 100
92 86 400
92 87 200
92 88 400
92 89 200
92 90 200
92 91 300
92 92 900
92 93 200
92 94 100
92 95 100
92 96 100
92 100 100
92 101 100
92 102 100
92 103 100
92 104 100
92 107 100
92 108 100
92 109 100
92 110 300
92 111 700
92 112 100
92 113 100
92 114 100
92 115 100
92 116 100
92 117 100
92 118 100
92 119 100
92 120 100
92 121 200
93 73 200
93 74 200
93 75 100
93 76 300
93 77 100
93 78 200
93 79 100
93 80 300
93 81 100
93 82 100
93 83 100
93 84 200
93 85 100
93 86 200
93 87 100
93 88 100
93 89 100
93 90 100
93 91 100
93 92 200
93 93 400
93 94 100
93 95 100
93 96 100
93 104 200
93 107 100
93 110 100
93 111 300
93 112 200
93 113 200
93 114 200
93 115 100
93 116 100
93 117 100
93 118 100
93 119 100
93 120 200
93 121 200
94 73 200
94 74 200
94 75 100
94 76 200
94 77 200
94 78 200
94 79 200
94 80 200
94 81 200
94 82 100
94 83 100
94 84 100
94 85 100
94 86 100
94 87 100
94 88 100
94 89 100
94 90 100
94 91 100
94 92 100
94 93 100
94 94 300
94 95 200
94 96 100
94 104 200
94 111 100
94 121 200
95 73 200
95 74 200
95 75 100
95 76 200
95 77 200
95 78 200
95 79 200
95 80 200
95 81 200
95 82 100
95 83 100
95 84 100
95 85 100
95 86 100
95 87 100
95 88 100
95 89 100
95 90 100
95 91 100
95 92 100
95 93 100
95 94 200
95 95 300
95 96 100
95 104 200
95 111 100
95 121 200
96 73 100
96 74 100
96 75 100
96 76 100
96 77 300
96 78 300
96 79 100
96 80 300
96 81 100
96 82 100
96 83 100
96 84 100
96 85 100
96 86 100
96 87 100
96 88 100
96 89 100
96 90 100
96 91 100
96 92 100
96 93 100
96 94 100
96 95 100
96 96 400
96 104 100
96 111 400
96 121 300
96 122 100
97 78 100
97 80 100
97 81 300
97 82 100
97 84 100
97 97 600
97 98 300
97 99 200
97 106 100
98 78 100
98 80 100
98 81 300
98 82 100
98 84 100
98 97 300
98 98 400
98 99 300
98 106 100
99 81 300
99 97 200
99 98 300
99 99 300
100 73 100
100 74 100
100 80 100
100 88 100
100 91 200
100 92 100
100 100 300
100 101 200
100 102 100
100 103 100
100 107 100
100 108 100
100 109 100
101 73 100
101 74 100
101 80 100
101 88 100
101 91 200
101 92 100
101 100 200
101 101 300
101 102 100
101 103 100
101 107 100
101 108 100
101 109 100
102 44 100
102 73 100
102 74 100
102 80 100
102 88 100
102 91 200
102 92 100
102 100 100
102 101 100
102 102 500
102 103 200
102 107 100
102 108 100
102 109 100
103 73 100
103 74 100
103 80 100
103 88 100
103 91 200
103 92 100
103 100 100
103 101 100
103 102 200
103 103 300
103 107 100
103 108 100
103 109 100
104 12 100
104 73 200
104 74 200
104 75 100
104 76 400
104 77 200
104 78 300
104 79 200
104 80 300
104 81 200
104 82 100
104 83 100
104 84 100
104 85 100
104 86 100
104 87 100
104 88 100
104 89 100
104 90 100
104 91 100
104 92 100
104 93 200
104 94 200
104 95 200
104 96 100
104 104 1000
104 105 100
104 111 300
104 112 100
104 113 100
104 114 100
104 120 100
104 121 200
105 78 100
105 80 100
105 104 100
105 105 200
106 78 100
106 80 100
106 81 100
106 82 100
106 84 100
106 97 100
106 98 100
106 106 300
107 73 100
107 74 100
107 80 100
107 88 100
107 91 200
107 92 100
107 100 100
107 101 100
107 102 100
107 103 100
107 107 300
107 108 200
107 109 200
108 73 100
108 74 100
108 80 100
108 88 100
108 91 200
108 92 100
108 100 100
108 101 100
108 102 100
108 103 100
108 107 200
108 108 300
108 109 200
109 73 100
109 74 100
109 80 100
109 88 100
109 91 200
109 92 100
109 100 100
109 101 100
109 102 100
109 103 100
109 107 200
109 108 200
109 109 300
110 73 200
110 74 200
110 76 100
110 80 200
110 84 100
110 86 100
110 91 100
110 92 300
110 93 100
110 110 400
110 111 300
110 112 100
110 113 100
110 114 100
110 115 100
110 116 100
110 117 100
110 118 100
110 119 100
110 120 100
110 121 100
111 73 700
111 74 700
111 75 400
111 76 700
111 77 300
111 78 1200
111 79 200
111 80 1800
111 81 300
111 82 400
111 83 300
111 84 500
111 85 200
111 86 400
111 87 300
111 88 500
111 89 200
111 90 200
111 91 400
111 92 700
111 93 300
111 94 100
111 95 100
111 96 400
111 104 300
111 107 100
111 110 300
111 111 5900
111 112 400
111 113 400
111 114 400
111 115 300
111 116 300
111 117 300
111 118 300
111 119 100
111 120 200
111 121 400
111 122 100
112 73 100
112 74 100
112 76 200
112 78 100
112 80 200
112 84 100
112 86 100
112 92 100
112 93 200
112 104 100
112 110 100
112 111 400
112 112 600
112 113 400
112 114 500
112 115 100
112 116 100
112 117 100
112 118 100
112 119 100
112 120 200
112 121 100
113 73 100
113 74 100
113 76 200
113 78 100
113 80 200
113 84 100
113 86 100
113 92 100
113 93 200
113 104 100
113 110 100
113 111 400
113 112 400
113 113 500
113 114 400
113 115 100
113 116 100
113 117 100
113 118 100
113 119 100
113 120 200
113 121 100
114 73 100
114 74 100
114 76 200
114 78 100
114 80 200
114 84 100
114 86 100
114 92 100
114 93 200
114 104 100
114 110 100
114 111 400
114 112 500
114 113 400
114 114 600
114 115 100
114 116 100
114 117 100
114 118 100
114 119 100
114 120 200
114 121 100
115 73 100
115 74 100
115 76 100
115 80 100
115 84 100
115 86 100
115 92 100
115 93 100
115 110 100
115 111 300
115 112 100
115 113 100
115 114 100
115 115 400
115 116 300
115 117 300
115 118 300
115 119 100
115 120 100
115 121 100
116 73 100
116 74 100
116 76 100
116 80 100
116 84 100
116 86 100
116 92 100
116 93 100
116 110 100
116 111 300
116 112 100
116 113 100
116 114 100
116 115 300
116 116 400
116 117 300
116 118 300
116 119 100
116 120 100
116 121 100
117 73 100
117 74 100
117 76 100
117 80 100
117 84 100
117 86 100
117 92 100
117 93 100
117 110 100
117 111 300
117 112 100
117 113 100
117 114 100
117 115 300
117 116 300
117 117 900
117 118 300
117 119 100
117 120 100
117 121 100
118 73 100
118 74 100
118 76 100
118 80 100
118 84 100
118 86 100
118 92 100
118 93 100
118 110 100
118 111 300
118 112 100
118 113 100
118 114 100
118 115 300
118 116 300
118 117 300
118 118 900
118 119 100
118 120 100
118 121 100
119 73 100
119 74 100
119 76 100
119 80 100
119 84 100
119 86 100
119 92 100
119 93 100
119 110 100
119 111 100
119 112 100
119 113 100
119 114 100
119 115 100
119 116 100
119 117 100
119 118 100
119 119 200
119 120 100
119 121 100
120 73 100
120 74 100
120 76 200
120 78 100
120 80 300
120 84 100
120 86 100
120 92 100
120 93 200
120 104 100
120 110 100
120 111 200
120 112 200
120 113 200
120 114 200
120 115 100
120 116 100
120 117 100
120 118 100
120 119 100
120 120 300
120 121 100
121 73 300
121 74 300
121 75 100
121 76 300
121 77 300
121 78 300
121 79 200
121 80 800
121 81 200
121 82 100
121 83 100
121 84 200
121 85 100
121 86 200
121 87 100
121 88 100
121 89 100
121 90 100
121 91 100
121 92 200
121 93 200
121 94 200
121 95 200
121 96 300
121 104 200
121 110 100
121 111 400
121 112 100
121 113 100
121 114 100
121 115 100
121 116 100
121 117 100
121 118 100
121 119 100
121 120 100
121 121 2100
121 122 700
122 77 100
122 78 100
122 80 100
122 96 100
122 111 100
122 121 700
122 122 1600
