1 1 300
1 2 100
1 3 200
1 39 100
1 44 100
1 46 100
2 1 100
2 2 200
2 3 100
3 1 200
3 2 100
3 3 300
3 39 100
3 44 100
3 46 100
4 4 100
4 6 100
4 7 100
4 8 100
4 9 100
4 10 100
4 11 100
4 12 100
4 13 100
4 14 100
4 17 100
4 20 100
4 21 100
4 39 100
5 5 2900
5 6 100
5 7 300
5 8 300
5 9 600
5 10 400
5 11 300
5 12 100
5 13 400
5 14 600
5 15 100
5 16 100
5 17 300
5 20 100
5 21 200
5 25 100
5 34 100
5 36 100
5 37 100
5 38 100
5 39 2300
5 40 100
5 42 100
5 44 200
5 45 200
5 46 100
5 47 100
5 48 100
5 49 100
5 50 100
5 52 100
5 53 100
5 54 100
5 55 100
5 56 100
5 57 100
5 58 100
5 59 100
5 62 100
5 65 100
5 66 100
5 67 100
5 71 100
5 91 100
6 4 100
6 5 100
6 6 200
6 7 100
6 8 100
6 9 200
6 10 200
6 11 200
6 12 200
6 13 200
6 14 200
6 17 200
6 20 200
6 21 200
6 25 100
6 34 100
6 36 100
6 37 100
6 38 100
6 39 100
6 40 100
6 42 100
6 44 100
6 45 100
6 46 100
6 47 100
6 48 100
6 49 100
6 50 100
6 52 100
6 53 100
6 54 100
6 55 100
6 56 100
6 57 100
6 58 100
6 59 100
6 62 100
7 4 100
7 5 300
7 6 100
7 7 400
7 8 300
7 9 300
7 10 300
7 11 200
7 12 100
7 13 200
7 14 100
7 15 100
7 16 100
7 17 100
7 20 100
7 21 100
7 39 300
8 4 100
8 5 300
8 6 100
8 7 300
8 8 400
8 9 300
8 10 300
8 11 200
8 12 100
8 13 200
8 14 100
8 15 100
8 16 100
8 17 100
8 20 100
8 21 100
8 39 300
9 4 100
9 5 600
9 6 200
9 7 300
9 8 300
9 9 2000
9 10 400
9 11 300
9 12 200
9 13 300
9 14 300
9 15 100
9 16 100
9 17 200
9 20 200
9 21 200
9 25 100
9 34 100
9 36 100
9 37 100
9 38 100
9 39 400
9 40 100
9 42 100
9 44 100
9 45 100
9 46 100
9 47 100
9 48 100
9 49 100
9 50 100
9 52 100
9 53 100
9 54 100
9 55 100
9 56 100
9 57 100
9 58 100
9 59 100
9 62 100
9 65 100
9 66 100
9 67 100
9 71 100
10 4 100
10 5 400
10 6 200
10 7 300
10 8 300
10 9 400
10 10 500
10 11 300
10 12 200
10 13 300
10 14 200
10 15 100
10 16 100
10 17 200
10 20 200
10 21 200
10 25 100
10 34 100
10 36 100
10 37 100
10 38 100
10 39 200
10 40 100
10 42 100
10 44 100
10 45 100
10 46 100
10 47 100
10 48 100
10 49 100
10 50 100
10 52 100
10 53 100
10 54 100
10 55 100
10 56 100
10 57 100
10 58 100
10 59 100
10 62 100
11 4 100
11 5 300
11 6 200
11 7 200
11 8 200
11 9 300
11 10 300
11 11 400
11 12 200
11 13 300
11 14 300
11 15 100
11 16 100
11 17 200
11 20 200
11 21 200
11 25 100
11 34 100
11 36 100
11 37 100
11 38 100
11 39 300
11 40 100
11 42 100
11 44 100
11 45 100
11 46 100
11 47 100
11 48 100
11 49 100
11 50 100
11 52 100
11 53 100
11 54 100
11 55 100
11 56 100
11 57 100
11 58 100
11 59 100
11 62 100
11 65 100
11 66 100
11 67 100
11 71 100
12 4 100
12 5 100
12 6 200
12 7 100
12 8 100
12 9 200
12 10 200
12 11 200
12 12 200
12 13 200
12 14 200
12 17 200
12 20 200
12 21 200
12 25 100
12 34 100
12 36 100
12 37 100
12 38 100
12 39 100
12 40 100
12 42 100
12 44 100
12 45 100
12 46 100
12 47 100
12 48 100
12 49 100
12 50 100
12 52 100
12 53 100
12 54 100
12 55 100
12 56 100
12 57 100
12 58 100
12 59 100
12 62 100
13 4 100
13 5 400
13 6 200
13 7 200
13 8 200
13 9 300
13 10 300
13 11 300
13 12 200
13 13 1200
13 14 200
13 15 100
13 16 100
13 17 200
13 20 200
13 21 200
13 25 100
13 34 100
13 36 100
13 37 100
13 38 100
13 39 400
13 40 100
13 42 100
13 44 100
13 45 100
13 46 100
13 47 100
13 48 100
13 49 100
13 50 100
13 52 100
13 53 100
13 54 100
13 55 100
13 56 100
13 57 100
13 58 100
13 59 100
13 62 100
13 65 300
13 66 300
13 67 400
13 68 100
13 69 100
13 70 100
13 71 300
13 72 100
14 4 100
14 5 600
14 6 200
14 7 100
14 8 100
14 9 300
14 10 200
14 11 300
14 12 200
14 13 200
14 14 700
14 17 300
14 20 200
14 21 300
14 25 100
14 34 100
14 36 100
14 37 100
14 38 100
14 39 600
14 40 100
14 42 100
14 44 100
14 45 100
14 46 100
14 47 100
14 48 100
14 49 100
14 50 100
14 52 100
14 53 100
14 54 100
14 55 100
14 56 100
14 57 100
14 58 100
14 59 100
14 62 100
14 65 100
14 66 100
14 67 100
14 71 100
15 5 100
15 7 100
15 8 100
15 9 100
15 10 100
15 11 100
15 13 100
15 15 200
15 16 100
15 39 100
16 5 100
16 7 100
16 8 100
16 9 100
16 10 100
16 11 100
16 13 100
16 15 100
16 16 200
16 39 100
17 4 100
17 5 300
17 6 200
17 7 100
17 8 100
17 9 200
17 10 200
17 11 200
17 12 200
17 13 200
17 14 300
17 17 400
17 20 200
17 21 300
17 25 100
17 34 100
17 36 100
17 37 100
17 38 100
17 39 300
17 40 100
17 42 100
17 44 100
17 45 100
17 46 100
17 47 100
17 48 100
17 49 100
17 50 100
17 52 100
17 53 100
17 54 100
17 55 100
17 56 100
17 57 100
17 58 100
17 59 100
17 62 100
18 18 200
18 19 100
18 27 100
18 29 100
18 31 100
18 32 100
18 33 100
18 34 100
18 35 100
18 36 100
18 37 100
18 38 100
18 39 100
18 44 100
18 61 100
18 63 100
19 18 100
19 19 200
19 27 100
19 29 100
19 31 100
19 32 100
19 33 100
19 34 100
19 35 100
19 36 100
19 37 100
19 38 100
19 39 100
19 44 100
19 61 100
19 63 100
20 4 100
20 5 100
20 6 200
20 7 100
20 8 100
20 9 200
20 10 200
20 11 200
20 12 200
20 13 200
20 14 200
20 17 200
20 20 200
20 21 200
20 25 100
20 34 100
20 36 100
20 37 100
20 38 100
20 39 100
20 40 100
20 42 100
20 44 100
20 45 100
20 46 100
20 47 100
20 48 100
20 49 100
20 50 100
20 52 100
20 53 100
20 54 100
20 55 100
20 56 100
20 57 100
20 58 100
20 59 100
20 62 100
21 4 100
21 5 200
21 6 200
21 7 100
21 8 100
21 9 200
21 10 200
21 11 200
21 12 200
21 13 200
21 14 300
21 17 300
21 20 200
21 21 300
21 25 100
21 34 100
21 36 100
21 37 100
21 38 100
21 39 200
21 40 100
21 42 100
21 44 100
21 45 100
21 46 100
21 47 100
21 48 100
21 49 100
21 50 100
21 52 100
21 53 100
21 54 100
21 55 100
21 56 100
21 57 100
21 58 100
21 59 100
21 62 100
22 5 100
22 6 100
22 9 100
22 10 100
22 11 100
22 12 100
22 14 100
22 17 100
22 20 100
22 21 100
22 22 800
22 23 600
22 24 600
22 25 300
22 34 100
22 36 100
22 37 100
22 38 100
22 39 200
22 41 200
22 42 400
22 43 200
22 44 200
22 45 300
22 46 300
22 47 100
22 49 100
22 50 100
22 52 100
22 53 100
22 55 100
22 57 100
22 59 100
22 62 100
22 73 300
22 74 200
22 75 500
22 76 600
22 77 300
22 78 800
22 79 200
22 80 1000
22 81 200
22 82 300
22 83 300
22 84 600
22 86 500
22 88 400
22 92 400
22 93 200
22 94 300
22 95 300
22 96 100
22 104 200
22 105 100
22 106 100
22 110 200
22 111 200
22 113 200
22 114 200
22 119 200
22 120 200
22 121 200
22 122 100
22 10710 200
22 10720 200
22 48150 200
22 77511 200
22 87305 100
22 106201 200
22 126805 200
22 127334 200
22 127342 200
22 127379 200
22 128855 100
22 128862 100
22 128863 100
22 165548 100
22 165558 100
22 166291 100
22 168555 100
22 183985 100
22 210232 100
22 230093 100
22 285478 300
22 286537 100
22 297830 100
22 301306 100
22 368347 100
22 368352 100
22 368359 100
22 384993 200
22 386454 200
22 392213 100
22 392214 100
22 394279 200
22 399023 100
22 406054 100
22 433143 100
22 433609 100
22 433617 100
22 433618 100
22 433663 100
22 433688 100
22 442203 100
22 445893 400
22 488211 100
22 488241 100
22 488359 300
22 488818 200
22 488819 200
22 488820 200
22 495609 100
22 497571 100
22 497581 100
22 497584 100
22 497585 100
22 497586 100
22 518682 200
22 524929 100
22 553093 100
22 554412 100
22 554811 100
22 555035 100
22 555315 200
22 555331 200
22 572128 100
22 573154 100
22 573738 100
22 578772 100
22 578811 500
22 591187 200
22 592464 200
22 593379 200
22 593400 200
22 595749 100
22 595781 100
22 610299 600
22 611449 100
22 613258 200
22 635577 200
22 659094 100
22 664984 100
22 669581 100
22 670740 200
22 678332 100
22 689105 100
22 689106 100
22 689107 100
22 689116 200
22 689122 100
22 696402 100
22 707547 200
22 707548 200
22 707574 200
22 707584 200
22 708175 100
22 708176 100
22 708177 200
22 708182 100
22 749291 100
22 749453 200
22 749629 100
22 750246 100
22 750541 100
22 758485 100
22 758488 100
22 759965 200
22 759966 200
22 761559 100
22 761563 100
22 761584 100
22 763767 400
22 764043 200
22 765784 200
22 766338 200
22 772750 100
22 773896 400
22 774579 100
22 776260 400
22 777641 200
22 777689 200
22 777766 200
22 782856 200
22 782858 200
22 782865 200
22 782868 200
22 782872 200
22 782876 200
22 787018 100
22 798415 100
22 799238 200
22 799239 200
22 799241 200
22 799535 100
22 802729 100
22 802779 100
22 802788 100
22 803455 200
22 803534 100
22 804799 100
23 22 200
23 23 800
23 24 600
23 25 300
23 34 100
23 36 100
23 38 100
23 39 300
23 40 100
23 42 300
23 44 200
23 45 100
23 46 100
23 47 200
23 49 200
23 50 100
23 52 200
23 55 100
23 57 100
23 59 100
23 62 100
23 285478 300
23 488359 300
23 689116 300
24 22 200
24 23 600
24 24 700
24 25 200
24 34 100
24 36 100
24 38 100
24 39 200
24 42 200
24 44 200
24 45 100
24 46 100
24 47 100
24 49 100
24 50 100
24 52 100
24 55 100
24 57 100
24 59 100
24 285478 300
24 488359 300
24 689116 300
25 5 200
25 6 200
25 9 200
25 10 200
25 11 200
25 12 200
25 13 100
25 14 200
25 17 200
25 20 200
25 21 200
25 22 200
25 23 600
25 24 600
25 25 600
25 34 200
25 36 200
25 37 200
25 38 200
25 39 200
25 40 100
25 41 300
25 42 400
25 43 200
25 44 300
25 45 400
25 46 400
25 47 200
25 48 100
25 49 200
25 50 200
25 52 200
25 53 200
25 54 100
25 55 200
25 56 100
25 57 200
25 58 100
25 59 200
25 62 200
25 73 300
25 74 200
25 75 500
25 76 600
25 77 300
25 78 800
25 79 200
25 80 1000
25 81 200
25 82 300
25 83 300
25 84 600
25 86 500
25 88 400
25 92 400
25 93 200
25 94 300
25 95 300
25 96 100
25 104 200
25 105 100
25 106 100
25 110 200
25 111 200
25 113 200
25 114 200
25 119 200
25 120 200
25 121 200
25 122 100
25 10710 200
25 10720 200
25 48150 200
25 77511 200
25 87305 100
25 106201 200
25 126805 200
25 127334 200
25 127342 200
25 127379 200
25 128855 100
25 128862 100
25 128863 100
25 165548 100
25 165558 100
25 166291 100
25 168555 100
25 183985 100
25 210232 100
25 230093 100
25 285478 300
25 286537 100
25 297830 100
25 301306 100
25 368347 100
25 368352 100
25 368359 100
25 384993 200
25 386454 200
25 392213 100
25 392214 100
25 394279 200
25 399023 100
25 406054 100
25 433143 100
25 433609 100
25 433617 100
25 433618 100
25 433663 100
25 433688 100
25 442203 100
25 445893 400
25 488211 100
25 488241 100
25 488359 300
25 488818 200
25 488819 200
25 488820 200
25 495609 100
25 497571 100
25 497581 100
25 497584 100
25 497585 100
25 497586 100
25 518682 200
25 524929 100
25 553093 100
25 554412 100
25 554811 100
25 555035 100
25 555315 200
25 555331 200
25 572128 100
25 573154 100
25 573738 100
25 578772 100
25 578811 500
25 591187 200
25 592464 200
25 593379 200
25 593400 200
25 595749 100
25 595781 100
25 610299 600
25 611449 100
25 613258 200
25 635577 200
25 659094 100
25 664984 100
25 669581 100
25 670740 200
25 678332 100
25 689105 100
25 689106 100
25 689107 100
25 689116 200
25 689122 100
25 696402 100
25 707547 200
25 707548 200
25 707574 200
25 707584 200
25 708175 100
25 708176 100
25 708177 200
25 708182 100
25 749291 100
25 749453 200
25 749629 100
25 750246 100
25 750541 100
25 758485 100
25 758488 100
25 759965 200
25 759966 200
25 761559 100
25 761563 100
25 761584 100
25 763767 400
25 764043 200
25 765784 200
25 766338 200
25 772750 100
25 773896 400
25 774579 100
25 776260 400
25 777641 200
25 777689 200
25 777766 200
25 782856 200
25 782858 200
25 782865 200
25 782868 200
25 782872 200
25 782876 200
25 787018 100
25 798415 100
25 799238 200
25 799239 200
25 799241 200
25 799535 100
25 802729 100
25 802779 100
25 802788 100
25 803455 200
25 803534 100
25 804799 100
26 26 100
26 28 100
26 29 100
26 30 100
26 34 100
26 61 100
27 18 100
27 19 100
27 27 800
27 28 100
27 29 200
27 30 100
27 31 200
27 32 200
27 33 100
27 34 400
27 35 100
27 36 100
27 37 100
27 38 100
27 39 100
27 44 100
27 61 200
27 63 200
28 26 100
28 27 100
28 28 200
28 29 100
28 30 100
28 34 200
28 61 100
28 63 100
29 18 100
29 19 100
29 26 100
29 27 200
29 28 100
29 29 400
29 30 100
29 31 100
29 32 100
29 33 100
29 34 200
29 35 100
29 36 100
29 37 100
29 38 100
29 39 100
29 44 100
29 61 200
29 63 100
30 26 100
30 27 100
30 28 100
30 29 100
30 30 200
30 31 100
30 34 200
30 61 100
31 18 100
31 19 100
31 27 200
31 29 100
31 30 100
31 31 200
31 32 100
31 33 100
31 34 100
31 35 100
31 36 100
31 37 100
31 38 100
31 39 100
31 44 100
31 61 100
31 63 100
32 18 100
32 19 100
32 27 200
32 29 100
32 31 100
32 32 200
32 33 100
32 34 100
32 35 100
32 36 100
32 37 100
32 38 100
32 39 100
32 44 100
32 61 200
32 63 100
33 18 100
33 19 100
33 27 100
33 29 100
33 31 100
33 32 100
33 33 200
33 34 100
33 35 100
33 36 100
33 37 100
33 38 100
33 39 100
33 44 100
33 61 100
33 63 100
34 5 100
34 6 100
34 9 100
34 10 100
34 11 100
34 12 100
34 13 100
34 14 100
34 17 100
34 18 100
34 19 100
34 20 100
34 21 100
34 22 100
34 23 200
34 24 200
34 25 200
34 26 100
34 27 400
34 28 200
34 29 200
34 30 200
34 31 100
34 32 100
34 33 100
34 34 3100
34 35 300
34 36 700
34 37 300
34 38 400
34 39 400
34 40 100
34 42 200
34 44 300
34 45 200
34 46 200
34 47 200
34 48 100
34 49 200
34 50 200
34 52 200
34 53 200
34 54 100
34 55 200
34 56 100
34 57 200
34 58 100
34 59 200
34 60 200
34 61 200
34 62 100
34 63 200
34 64 100
34 285478 100
34 488359 100
34 689116 100
35 18 100
35 19 100
35 27 100
35 29 100
35 31 100
35 32 100
35 33 100
35 34 300
35 35 800
35 36 300
35 37 200
35 38 200
35 39 200
35 44 200
35 53 100
35 60 200
35 61 100
35 63 100
36 5 100
36 6 100
36 9 100
36 10 100
36 11 100
36 12 100
36 13 100
36 14 100
36 17 100
36 18 100
36 19 100
36 20 100
36 21 100
36 22 100
36 23 200
36 24 200
36 25 200
36 27 100
36 29 100
36 31 100
36 32 100
36 33 100
36 34 700
36 35 300
36 36 1400
36 37 300
36 38 400
36 39 600
36 40 100
36 42 200
36 44 300
36 45 200
36 46 200
36 47 200
36 48 100
36 49 200
36 50 200
36 52 200
36 53 200
36 54 100
36 55 200
36 56 100
36 57 200
36 58 100
36 59 200
36 60 100
36 61 100
36 62 200
36 63 100
36 64 100
36 285478 100
36 488359 100
36 689116 100
37 5 100
37 6 100
37 9 100
37 10 100
37 11 100
37 12 100
37 13 100
37 14 100
37 17 100
37 18 100
37 19 100
37 20 100
37 21 100
37 25 100
37 27 100
37 29 100
37 31 100
37 32 100
37 33 100
37 34 300
37 35 200
37 36 300
37 37 400
37 38 300
37 39 300
37 40 100
37 42 100
37 44 400
37 45 100
37 46 100
37 47 100
37 48 100
37 49 100
37 50 100
37 52 100
37 53 200
37 54 100
37 55 100
37 56 100
37 57 100
37 58 100
37 59 100
37 60 100
37 61 100
37 62 100
37 63 100
37 64 100
38 5 100
38 6 100
38 9 100
38 10 100
38 11 100
38 12 100
38 13 100
38 14 100
38 17 100
38 18 100
38 19 100
38 20 100
38 21 100
38 22 100
38 23 200
38 24 200
38 25 200
38 27 100
38 29 100
38 31 100
38 32 100
38 33 100
38 34 400
38 35 200
38 36 400
38 37 300
38 38 900
38 39 400
38 40 100
38 42 200
38 44 300
38 45 200
38 46 200
38 47 200
38 48 100
38 49 200
38 50 200
38 52 200
38 53 200
38 54 100
38 55 200
38 56 100
38 57 200
38 58 100
38 59 200
38 60 100
38 61 100
38 62 100
38 63 100
38 64 300
38 285478 100
38 488359 100
38 689116 100
39 1 100
39 3 100
39 4 100
39 5 2300
39 6 100
39 7 300
39 8 300
39 9 400
39 10 200
39 11 300
39 12 100
39 13 400
39 14 600
39 15 100
39 16 100
39 17 300
39 18 100
39 19 100
39 20 100
39 21 200
39 22 200
39 23 500
39 24 400
39 25 300
39 27 100
39 29 100
39 31 100
39 32 100
39 33 100
39 34 400
39 35 200
39 36 600
39 37 300
39 38 400
39 39 8800
39 40 500
39 41 200
39 42 600
39 43 100
39 44 2700
39 45 200
39 46 200
39 47 900
39 48 100
39 49 600
39 50 500
39 51 200
39 52 500
39 53 200
39 54 300
39 55 600
39 56 200
39 57 800
39 58 300
39 59 400
39 60 100
39 61 100
39 62 300
39 63 100
39 64 100
39 65 100
39 66 100
39 67 100
39 71 100
39 91 100
39 48150 300
39 285478 200
39 488359 200
39 689116 500
40 5 100
40 6 100
40 9 100
40 10 100
40 11 100
40 12 100
40 13 100
40 14 100
40 17 100
40 20 100
40 21 100
40 23 100
40 25 200
40 34 100
40 36 100
40 37 100
40 38 100
40 39 600
40 40 1100
40 42 200
40 44 600
40 45 100
40 46 100
40 47 300
40 48 200
40 49 300
40 50 200
40 51 100
40 52 300
40 53 100
40 54 100
40 55 100
40 56 100
40 57 300
40 58 100
40 59 100
40 62 200
40 48150 100
40 689116 100
41 5 100
41 6 100
41 9 100
41 10 100
41 11 100
41 12 100
41 14 100
41 17 100
41 20 100
41 21 100
41 22 100
41 23 200
41 24 200
41 25 300
41 37 100
41 39 300
41 41 400
41 42 200
41 43 200
41 44 300
41 45 200
41 46 200
41 53 100
41 62 100
41 73 300
41 74 200
41 75 500
41 76 600
41 77 300
41 78 800
41 79 200
41 80 1000
41 81 200
41 82 300
41 83 300
41 84 600
41 86 500
41 88 400
41 92 400
41 93 200
41 94 300
41 95 300
41 96 100
41 104 200
41 105 100
41 106 100
41 110 200
41 111 200
41 113 200
41 114 200
41 119 200
41 120 200
41 121 200
41 122 100
41 10710 200
41 10720 200
41 48150 300
41 77511 200
41 87305 100
41 106201 200
41 126805 200
41 127334 200
41 127342 200
41 127379 200
41 128855 100
41 128862 100
41 128863 100
41 165548 100
41 165558 100
41 166291 100
41 168555 100
41 183985 100
41 210232 100
41 230093 100
41 285478 100
41 286537 100
41 297830 100
41 301306 100
41 368347 100
41 368352 100
41 368359 100
41 384993 200
41 386454 200
41 392213 100
41 392214 100
41 394279 200
41 399023 100
41 406054 100
41 433143 100
41 433609 100
41 433617 100
41 433618 100
41 433663 100
41 433688 100
41 442203 100
41 445893 400
41 488211 100
41 488241 100
41 488359 100
41 488818 200
41 488819 200
41 488820 200
41 495609 100
41 497571 100
41 497581 100
41 497584 100
41 497585 100
41 497586 100
41 518682 200
41 524929 100
41 553093 100
41 554412 100
41 554811 100
41 555035 100
41 555315 200
41 555331 200
41 572128 100
41 573154 100
41 573738 100
41 578772 100
41 578811 500
41 591187 200
41 592464 200
41 593379 200
41 593400 200
41 595749 100
41 595781 100
41 610299 600
41 611449 100
41 613258 200
41 635577 200
41 659094 100
41 664984 100
41 669581 100
41 670740 200
41 678332 100
41 689105 100
41 689106 100
41 689107 100
41 689116 100
41 689122 100
41 696402 100
41 707547 200
41 707548 200
41 707574 200
41 707584 200
41 708175 100
41 708176 100
41 708177 200
41 708182 100
41 749291 100
41 749453 200
41 749629 100
41 750246 100
41 750541 100
41 758485 100
41 758488 100
41 759965 200
41 759966 200
41 761559 100
41 761563 100
41 761584 100
41 763767 400
41 764043 200
41 765784 200
41 766338 200
41 772750 100
41 773896 400
41 774579 100
41 776260 400
41 777641 200
41 777689 200
41 777766 200
41 782856 200
41 782858 200
41 782865 200
41 782868 200
41 782872 200
41 782876 200
41 787018 100
41 798415 100
41 799238 200
41 799239 200
41 799241 200
41 799535 100
41 802729 100
41 802779 100
41 802788 100
41 803455 200
41 803534 100
41 804799 100
42 5 100
42 6 100
42 9 100
42 10 100
42 11 100
42 12 100
42 13 100
42 14 100
42 17 100
42 20 100
42 21 100
42 22 200
42 23 500
42 24 400
42 25 300
42 34 200
42 36 200
42 37 100
42 38 200
42 39 700
42 40 200
42 42 700
42 43 100
42 44 400
42 45 200
42 46 200
42 47 300
42 48 100
42 49 300
42 50 200
42 52 400
42 53 100
42 54 100
42 55 200
42 56 100
42 57 200
42 58 100
42 59 200
42 62 200
42 48150 100
42 285478 200
42 488359 200
42 689116 300
43 5 100
43 6 100
43 9 100
43 10 100
43 11 100
43 12 100
43 14 100
43 17 100
43 20 100
43 21 100
43 22 100
43 23 200
43 24 200
43 25 200
43 37 100
43 39 200
43 41 200
43 42 300
43 43 500
43 44 400
43 45 200
43 46 200
43 53 100
43 62 100
43 73 300
43 74 200
43 75 500
43 76 600
43 77 300
43 78 800
43 79 200
43 80 1000
43 81 200
43 82 300
43 83 300
43 84 600
43 86 500
43 88 400
43 92 400
43 93 200
43 94 300
43 95 300
43 96 100
43 104 200
43 105 100
43 106 100
43 110 200
43 111 200
43 113 200
43 114 200
43 119 200
43 120 200
43 121 200
43 122 100
43 10710 200
43 10720 200
43 48150 300
43 77511 200
43 87305 100
43 106201 200
43 126805 200
43 127334 200
43 127342 200
43 127379 200
43 128855 100
43 128862 100
43 128863 100
43 165548 100
43 165558 100
43 166291 100
43 168555 100
43 183985 100
43 210232 100
43 230093 100
43 285478 100
43 286537 100
43 297830 100
43 301306 100
43 368347 100
43 368352 100
43 368359 100
43 384993 200
43 386454 200
43 392213 100
43 392214 100
43 394279 200
43 399023 100
43 406054 100
43 433143 100
43 433609 100
43 433617 100
43 433618 100
43 433663 100
43 433688 100
43 442203 100
43 445893 400
43 488211 100
43 488241 100
43 488359 100
43 488818 200
43 488819 200
43 488820 200
43 495609 100
43 497571 100
43 497581 100
43 497584 100
43 497585 100
43 497586 100
43 518682 200
43 524929 100
43 553093 100
43 554412 100
43 554811 100
43 555035 100
43 555315 200
43 555331 200
43 572128 100
43 573154 100
43 573738 100
43 578772 100
43 578811 500
43 591187 200
43 592464 200
43 593379 200
43 593400 200
43 595749 100
43 595781 100
43 610299 600
43 611449 100
43 613258 200
43 635577 200
43 659094 100
43 664984 100
43 669581 100
43 670740 200
43 678332 100
43 689105 100
43 689106 100
43 689107 100
43 689116 100
43 689122 100
43 696402 100
43 707547 200
43 707548 200
43 707574 200
43 707584 200
43 708175 100
43 708176 100
43 708177 200
43 708182 100
43 749291 100
43 749453 200
43 749629 100
43 750246 100
43 750541 100
43 758485 100
43 758488 100
43 759965 200
43 759966 200
43 761559 100
43 761563 100
43 761584 100
43 763767 400
43 764043 200
43 765784 200
43 766338 200
43 772750 100
43 773896 400
43 774579 100
43 776260 400
43 777641 200
43 777689 200
43 777766 200
43 782856 200
43 782858 200
43 782865 200
43 782868 200
43 782872 200
43 782876 200
43 787018 100
43 798415 100
43 799238 200
43 799239 200
43 799241 200
43 799535 100
43 802729 100
43 802779 100
43 802788 100
43 803455 200
43 803534 100
43 804799 100
44 1 100
44 3 100
44 5 300
44 6 200
44 9 200
44 10 200
44 11 200
44 12 200
44 13 100
44 14 200
44 17 200
44 18 100
44 19 100
44 20 200
44 21 200
44 22 300
44 23 600
44 24 600
44 25 500
44 27 100
44 29 100
44 31 100
44 32 100
44 33 100
44 34 300
44 35 200
44 36 300
44 37 500
44 38 300
44 39 2700
44 40 500
44 41 400
44 42 500
44 43 500
44 44 4000
44 45 400
44 46 400
44 47 400
44 48 200
44 49 300
44 50 300
44 51 100
44 52 200
44 53 300
44 54 300
44 55 300
44 56 300
44 57 500
44 58 300
44 59 300
44 60 100
44 61 100
44 62 200
44 63 100
44 64 100
44 73 300
44 74 200
44 75 500
44 76 600
44 77 300
44 78 800
44 79 200
44 80 1000
44 81 200
44 82 300
44 83 300
44 84 600
44 86 500
44 88 400
44 92 400
44 93 200
44 94 300
44 95 300
44 96 100
44 102 100
44 104 200
44 105 100
44 106 100
44 110 200
44 111 200
44 113 200
44 114 200
44 119 200
44 120 200
44 121 200
44 122 100
44 10710 200
44 10720 200
44 48150 500
44 77511 200
44 87305 100
44 106201 200
44 126805 200
44 127334 200
44 127342 200
44 127379 200
44 128855 100
44 128862 100
44 128863 100
44 165548 100
44 165558 100
44 166291 100
44 168555 100
44 183985 100
44 210232 100
44 230093 100
44 285478 300
44 286537 100
44 297830 100
44 301306 100
44 368347 100
44 368352 100
44 368359 100
44 384993 200
44 386454 200
44 392213 100
44 392214 100
44 394279 200
44 399023 100
44 406054 100
44 433143 100
44 433609 100
44 433617 100
44 433618 100
44 433663 100
44 433688 100
44 442203 100
44 445893 400
44 488211 100
44 488241 100
44 488359 300
44 488818 200
44 488819 200
44 488820 200
44 495609 100
44 497571 100
44 497581 100
44 497584 100
44 497585 100
44 497586 100
44 518682 200
44 524929 100
44 553093 100
44 554412 100
44 554811 100
44 555035 100
44 555315 200
44 555331 200
44 572128 100
44 573154 100
44 573738 100
44 578772 100
44 578811 500
44 591187 200
44 592464 200
44 593379 200
44 593400 200
44 595749 100
44 595781 100
44 610299 600
44 611449 100
44 613258 200
44 635577 200
44 659094 100
44 664984 100
44 669581 100
44 670740 200
44 678332 100
44 689105 100
44 689106 100
44 689107 100
44 689116 500
44 689122 100
44 696402 100
44 707547 200
44 707548 200
44 707574 200
44 707584 200
44 708175 100
44 708176 100
44 708177 200
44 708182 100
44 749291 100
44 749453 200
44 749629 100
44 750246 100
44 750541 100
44 758485 100
44 758488 100
44 759965 200
44 759966 200
44 761559 100
44 761563 100
44 761584 100
44 763767 400
44 764043 200
44 765784 200
44 766338 200
44 772750 100
44 773896 400
44 774579 100
44 776260 400
44 777641 200
44 777689 200
44 777766 200
44 782856 200
44 782858 200
44 782865 200
44 782868 200
44 782872 200
44 782876 200
44 787018 100
44 798415 100
44 799238 200
44 799239 200
44 799241 200
44 799535 100
44 802729 100
44 802779 100
44 802788 100
44 803455 200
44 803534 100
44 804799 100
45 5 200
45 6 100
45 9 100
45 10 100
45 11 100
45 12 100
45 13 100
45 14 100
45 17 100
45 20 100
45 21 100
45 22 100
45 23 200
45 24 200
45 25 200
45 34 200
45 36 200
45 37 100
45 38 200
45 39 200
45 40 100
45 42 200
45 44 200
45 45 300
45 46 200
45 47 200
45 48 100
45 49 200
45 50 200
45 52 200
45 53 100
45 54 100
45 55 200
45 56 100
45 57 200
45 58 100
45 59 200
45 62 100
45 285478 100
45 488359 100
45 689116 100
46 1 100
46 3 100
46 5 100
46 6 100
46 9 100
46 10 100
46 11 100
46 12 100
46 13 100
46 14 100
46 17 100
46 20 100
46 21 100
46 22 100
46 23 200
46 24 200
46 25 200
46 34 200
46 36 200
46 37 100
46 38 200
46 39 200
46 40 100
46 42 200
46 44 200
46 45 200
46 46 300
46 47 200
46 48 100
46 49 200
46 50 200
46 52 200
46 53 100
46 54 100
46 55 200
46 56 100
46 57 200
46 58 100
46 59 200
46 62 100
46 285478 100
46 488359 100
46 689116 100
47 5 100
47 6 100
47 9 100
47 10 100
47 11 100
47 12 100
47 13 100
47 14 100
47 17 100
47 20 100
47 21 100
47 22 100
47 23 300
47 24 200
47 25 300
47 34 200
47 36 200
47 37 100
47 38 200
47 39 900
47 40 300
47 42 300
47 44 400
47 45 200
47 46 200
47 47 1000
47 48 100
47 49 500
47 50 400
47 51 100
47 52 400
47 53 100
47 54 200
47 55 300
47 56 200
47 57 300
47 58 200
47 59 300
47 62 300
47 285478 100
47 488359 100
47 689116 100
48 5 100
48 6 100
48 9 100
48 10 100
48 11 100
48 12 100
48 13 100
48 14 100
48 17 100
48 20 100
48 21 100
48 25 100
48 34 100
48 36 100
48 37 100
48 38 100
48 39 100
48 40 200
48 42 100
48 44 200
48 45 100
48 46 100
48 47 100
48 48 200
48 49 200
48 50 200
48 52 100
48 53 100
48 54 100
48 55 100
48 56 100
48 57 200
48 58 100
48 59 100
48 62 100
49 5 100
49 6 100
49 9 100
49 10 100
49 11 100
49 12 100
49 13 100
49 14 100
49 17 100
49 20 100
49 21 100
49 22 100
49 23 300
49 24 200
49 25 300
49 34 200
49 36 200
49 37 100
49 38 200
49 39 600
49 40 300
49 42 300
49 44 300
49 45 200
49 46 200
49 47 500
49 48 200
49 49 700
49 50 300
49 52 300
49 53 100
49 54 100
49 55 200
49 56 100
49 57 300
49 58 100
49 59 200
49 62 300
49 285478 100
49 488359 100
49 689116 100
50 5 100
50 6 100
50 9 100
50 10 100
50 11 100
50 12 100
50 13 100
50 14 100
50 17 100
50 20 100
50 21 100
50 22 100
50 23 200
50 24 200
50 25 200
50 34 200
50 36 200
50 37 100
50 38 200
50 39 400
50 40 200
50 42 200
50 44 300
50 45 200
50 46 200
50 47 400
50 48 200
50 49 300
50 50 500
50 51 100
50 52 300
50 53 100
50 54 200
50 55 300
50 56 200
50 57 300
50 58 200
50 59 300
50 62 100
50 285478 100
50 488359 100
50 689116 100
51 5 100
51 6 100
51 9 100
51 10 100
51 11 100
51 12 100
51 14 100
51 17 100
51 20 100
51 21 100
51 22 100
51 23 200
51 24 200
51 25 200
51 37 100
51 39 200
51 40 100
51 41 200
51 42 200
51 43 200
51 44 100
51 45 200
51 46 200
51 47 100
51 50 100
51 51 300
51 52 100
51 53 100
51 62 100
51 73 300
51 74 200
51 75 500
51 76 600
51 77 300
51 78 800
51 79 200
51 80 1000
51 81 200
51 82 300
51 83 300
51 84 600
51 86 500
51 88 400
51 92 400
51 93 200
51 94 300
51 95 300
51 96 100
51 104 200
51 105 100
51 106 100
51 110 200
51 111 200
51 113 200
51 114 200
51 119 200
51 120 200
51 121 200
51 122 100
51 10710 200
51 10720 200
51 48150 200
51 77511 200
51 87305 100
51 106201 200
51 126805 200
51 127334 200
51 127342 200
51 127379 200
51 128855 100
51 128862 100
51 128863 100
51 165548 100
51 165558 100
51 166291 100
51 168555 100
51 183985 100
51 210232 100
51 230093 100
51 285478 100
51 286537 100
51 297830 100
51 301306 100
51 368347 100
51 368352 100
51 368359 100
51 384993 200
51 386454 200
51 392213 100
51 392214 100
51 394279 200
51 399023 100
51 406054 100
51 433143 100
51 433609 100
51 433617 100
51 433618 100
51 433663 100
51 433688 100
51 442203 100
51 445893 400
51 488211 100
51 488241 100
51 488359 100
51 488818 200
51 488819 200
51 488820 200
51 495609 100
51 497571 100
51 497581 100
51 497584 100
51 497585 100
51 497586 100
51 518682 200
51 524929 100
51 553093 100
51 554412 100
51 554811 100
51 555035 100
51 555315 200
51 555331 200
51 572128 100
51 573154 100
51 573738 100
51 578772 100
51 578811 500
51 591187 200
51 592464 200
51 593379 200
51 593400 200
51 595749 100
51 595781 100
51 610299 600
51 611449 100
51 613258 200
51 635577 200
51 659094 100
51 664984 100
51 669581 100
51 670740 200
51 678332 100
51 689105 100
51 689106 100
51 689107 100
51 689122 100
51 696402 100
51 707547 200
51 707548 200
51 707574 200
51 707584 200
51 708175 100
51 708176 100
51 708177 200
51 708182 100
51 749291 100
51 749453 200
51 749629 100
51 750246 100
51 750541 100
51 758485 100
51 758488 100
51 759965 200
51 759966 200
51 761559 100
51 761563 100
51 761584 100
51 763767 400
51 764043 200
51 765784 200
51 766338 200
51 772750 100
51 773896 400
51 774579 100
51 776260 400
51 777641 200
51 777689 200
51 777766 200
51 782856 200
51 782858 200
51 782865 200
51 782868 200
51 782872 200
51 782876 200
51 787018 100
51 798415 100
51 799238 200
51 799239 200
51 799241 200
51 799535 100
51 802729 100
51 802779 100
51 802788 100
51 803455 200
51 803534 100
51 804799 100
52 5 100
52 6 100
52 9 100
52 10 100
52 11 100
52 12 100
52 13 100
52 14 100
52 17 100
52 20 100
52 21 100
52 22 100
52 23 300
52 24 200
52 25 300
52 34 200
52 36 200
52 37 100
52 38 200
52 39 600
52 40 300
52 42 400
52 44 300
52 45 200
52 46 200
52 47 400
52 48 100
52 49 300
52 50 300
52 51 100
52 52 600
52 53 100
52 54 100
52 55 200
52 56 100
52 57 200
52 58 100
52 59 200
52 62 200
52 48150 100
52 285478 100
52 488359 100
52 689116 200
53 5 100
53 6 100
53 9 100
53 10 100
53 11 100
53 12 100
53 13 100
53 14 100
53 17 100
53 20 100
53 21 100
53 25 100
53 34 200
53 35 100
53 36 200
53 37 200
53 38 200
53 39 200
53 40 100
53 42 100
53 44 200
53 45 100
53 46 100
53 47 100
53 48 100
53 49 100
53 50 100
53 52 100
53 53 300
53 54 100
53 55 100
53 56 100
53 57 100
53 58 100
53 59 100
53 60 100
53 62 200
54 5 100
54 6 100
54 9 100
54 10 100
54 11 100
54 12 100
54 13 100
54 14 100
54 17 100
54 20 100
54 21 100
54 25 100
54 34 100
54 36 100
54 37 100
54 38 100
54 39 300
54 40 100
54 42 100
54 44 300
54 45 100
54 46 100
54 47 200
54 48 100
54 49 100
54 50 300
54 52 100
54 53 100
54 54 400
54 55 300
54 56 300
54 57 300
54 58 300
54 59 300
54 62 100
55 5 100
55 6 100
55 9 100
55 10 100
55 11 100
55 12 100
55 13 100
55 14 100
55 17 100
55 20 100
55 21 100
55 22 100
55 23 200
55 24 200
55 25 200
55 34 200
55 36 200
55 37 100
55 38 200
55 39 600
55 40 100
55 42 200
55 44 300
55 45 200
55 46 200
55 47 300
55 48 100
55 49 200
55 50 400
55 52 200
55 53 100
55 54 300
55 55 700
55 56 200
55 57 600
55 58 300
55 59 300
55 62 100
55 285478 100
55 488359 100
55 689116 100
56 5 100
56 6 100
56 9 100
56 10 100
56 11 100
56 12 100
56 13 100
56 14 100
56 17 100
56 20 100
56 21 100
56 25 100
56 34 100
56 36 100
56 37 100
56 38 100
56 39 200
56 40 100
56 42 100
56 44 300
56 45 100
56 46 100
56 47 200
56 48 100
56 49 100
56 50 200
56 52 100
56 53 100
56 54 300
56 55 200
56 56 300
56 57 200
56 58 300
56 59 300
56 62 100
57 5 100
57 6 100
57 9 100
57 10 100
57 11 100
57 12 100
57 13 100
57 14 100
57 17 100
57 20 100
57 21 100
57 22 100
57 23 200
57 24 200
57 25 200
57 34 200
57 36 200
57 37 100
57 38 200
57 39 800
57 40 300
57 42 200
57 44 500
57 45 200
57 46 200
57 47 300
57 48 200
57 49 300
57 50 400
57 52 200
57 53 100
57 54 300
57 55 600
57 56 200
57 57 900
57 58 300
57 59 300
57 62 100
57 285478 100
57 488359 100
57 689116 100
58 5 100
58 6 100
58 9 100
58 10 100
58 11 100
58 12 100
58 13 100
58 14 100
58 17 100
58 20 100
58 21 100
58 25 100
58 34 100
58 36 100
58 37 100
58 38 100
58 39 300
58 40 100
58 42 100
58 44 300
58 45 100
58 46 100
58 47 200
58 48 100
58 49 100
58 50 200
58 52 100
58 53 100
58 54 300
58 55 300
58 56 300
58 57 300
58 58 600
58 59 300
58 62 100
59 5 100
59 6 100
59 9 100
59 10 100
59 11 100
59 12 100
59 13 100
59 14 100
59 17 100
59 20 100
59 21 100
59 22 100
59 23 200
59 24 200
59 25 200
59 34 200
59 36 200
59 37 100
59 38 200
59 39 400
59 40 100
59 42 200
59 44 300
59 45 200
59 46 200
59 47 300
59 48 100
59 49 200
59 50 300
59 52 200
59 53 100
59 54 300
59 55 300
59 56 300
59 57 300
59 58 300
59 59 500
59 62 100
59 285478 100
59 488359 100
59 689116 100
60 34 200
60 35 200
60 36 100
60 37 100
60 38 100
60 39 100
60 44 100
60 53 100
60 60 200
61 18 100
61 19 100
61 26 100
61 27 200
61 28 100
61 29 200
61 30 100
61 31 100
61 32 200
61 33 100
61 34 200
61 35 100
61 36 100
61 37 100
61 38 100
61 39 100
61 44 100
61 61 300
61 63 100
62 5 100
62 6 100
62 9 100
62 10 100
62 11 100
62 12 100
62 13 100
62 14 100
62 17 100
62 20 100
62 21 100
62 23 100
62 25 200
62 34 100
62 36 200
62 37 100
62 38 100
62 39 300
62 40 200
62 42 200
62 44 100
62 45 100
62 46 100
62 47 300
62 48 100
62 49 300
62 50 100
62 52 200
62 53 200
62 54 100
62 55 100
62 56 100
62 57 100
62 58 100
62 59 100
62 62 400
63 18 100
63 19 100
63 27 200
63 28 100
63 29 100
63 31 100
63 32 100
63 33 100
63 34 200
63 35 100
63 36 100
63 37 100
63 38 100
63 39 100
63 44 100
63 61 100
63 63 300
64 34 100
64 36 100
64 37 100
64 38 300
64 39 100
64 44 100
64 64 400
65 5 100
65 9 100
65 11 100
65 13 300
65 14 100
65 39 100
65 65 400
65 66 300
65 67 300
65 68 100
65 69 100
65 70 100
65 71 300
65 72 100
66 5 100
66 9 100
66 11 100
66 13 300
66 14 100
66 39 100
66 65 300
66 66 400
66 67 300
66 68 100
66 69 100
66 70 100
66 71 300
66 72 100
67 5 100
67 9 100
67 11 100
67 13 400
67 14 100
67 39 100
67 65 300
67 66 300
67 67 700
67 68 100
67 69 100
67 70 100
67 71 300
67 72 100
68 13 100
68 65 100
68 66 100
68 67 100
68 68 500
68 69 300
68 70 300
68 71 400
68 72 300
69 13 100
69 65 100
69 66 100
69 67 100
69 68 300
69 69 500
69 70 400
69 71 400
69 72 300
70 13 100
70 65 100
70 66 100
70 67 100
70 68 300
70 69 400
70 70 600
70 71 500
70 72 200
71 5 100
71 9 100
71 11 100
71 13 300
71 14 100
71 39 100
71 65 300
71 66 300
71 67 300
71 68 400
71 69 400
71 70 500
71 71 1200
71 72 200
72 13 100
72 65 100
72 66 100
72 67 100
72 68 300
72 69 300
72 70 200
72 71 200
72 72 300
73 73 2600
73 74 1700
73 75 100
73 76 500
73 77 400
73 79 500
73 80 1600
73 81 600
73 82 700
73 83 600
73 84 300
73 85 300
73 86 600
73 87 300
73 88 200
73 89 200
73 90 200
73 91 400
73 92 200
73 93 200
73 94 400
73 95 400
73 96 100
73 100 100
73 101 100
73 102 100
73 103 100
73 104 400
73 107 100
73 108 100
73 109 100
73 110 200
73 111 800
73 113 100
73 115 100
73 116 100
73 117 100
73 118 100
73 119 100
73 120 100
73 121 500
73 127382 200
73 386454 200
73 445893 200
73 578811 300
73 610299 200
73 763767 200
73 773896 200
73 776260 400
73 803455 200
74 5 100
74 6 100
74 9 100
74 10 100
74 11 100
74 12 100
74 14 100
74 17 100
74 20 100
74 21 100
74 22 100
74 23 200
74 24 200
74 25 200
74 37 100
74 41 200
74 42 200
74 43 200
74 45 200
74 46 200
74 53 100
74 62 100
74 73 1800
74 74 1800
74 75 600
74 76 1000
74 77 500
74 78 800
74 79 400
74 80 2300
74 81 500
74 82 500
74 83 500
74 84 600
74 85 100
74 86 800
74 87 100
74 88 400
74 89 100
74 90 100
74 91 300
74 92 500
74 93 300
74 94 500
74 95 500
74 96 100
74 104 400
74 105 100
74 106 100
74 110 400
74 111 600
74 113 300
74 114 200
74 115 100
74 116 100
74 117 100
74 118 100
74 119 300
74 120 300
74 121 500
74 122 100
74 10710 200
74 10720 200
74 48150 200
74 77511 200
74 87305 100
74 106201 200
74 126805 200
74 127334 200
74 127342 200
74 127379 200
74 127382 100
74 128855 100
74 128862 100
74 128863 100
74 165548 100
74 165558 100
74 166291 100
74 168555 100
74 183985 100
74 210232 100
74 230093 100
74 285478 100
74 286537 100
74 297830 100
74 301306 100
74 368347 100
74 368352 100
74 368359 100
74 384993 200
74 386454 300
74 392213 100
74 392214 100
74 394279 200
74 399023 100
74 406054 100
74 433143 100
74 433609 100
74 433617 100
74 433618 100
74 433663 100
74 433688 100
74 442203 100
74 445893 500
74 488211 100
74 488241 100
74 488359 100
74 488818 200
74 488819 200
74 488820 200
74 495609 100
74 497571 100
74 497581 100
74 497584 100
74 497585 100
74 497586 100
74 518682 200
74 524929 100
74 553093 100
74 554412 100
74 554811 100
74 555035 100
74 555315 200
74 555331 200
74 572128 100
74 573154 100
74 573738 100
74 578772 100
74 578811 600
74 591187 200
74 592464 200
74 593379 200
74 593400 200
74 595749 100
74 595781 100
74 610299 700
74 611449 100
74 613258 200
74 635577 200
74 659094 100
74 664984 100
74 669581 100
74 670740 200
74 678332 100
74 689105 100
74 689106 100
74 689107 100
74 689122 100
74 696402 100
74 707547 200
74 707548 200
74 707574 200
74 707584 200
74 708175 100
74 708176 100
74 708177 200
74 708182 100
74 749291 100
74 749453 200
74 749629 100
74 750246 100
74 750541 100
74 758485 100
74 758488 100
74 759965 200
74 759966 200
74 761559 100
74 761563 100
74 761584 100
74 763767 500
74 764043 200
74 765784 200
74 766338 200
74 772750 100
74 773896 500
74 774579 100
74 776260 600
74 777641 200
74 777689 200
74 777766 200
74 782856 200
74 782858 200
74 782865 200
74 782868 200
74 782872 200
74 782876 200
74 787018 100
74 798415 100
74 799238 200
74 799239 200
74 799241 200
74 799535 100
74 802729 100
74 802779 100
74 802788 100
74 803455 300
74 803534 100
74 804799 100
75 5 100
75 6 100
75 9 100
75 10 100
75 11 100
75 12 100
75 14 100
75 17 100
75 20 100
75 21 100
75 22 100
75 23 200
75 24 200
75 25 200
75 37 100
75 41 200
75 42 200
75 43 200
75 45 200
75 46 200
75 53 100
75 62 100
75 73 500
75 74 400
75 75 800
75 76 600
75 77 300
75 78 800
75 79 200
75 80 1100
75 81 200
75 82 300
75 83 300
75 84 600
75 86 500
75 88 400
75 92 400
75 93 200
75 94 300
75 95 300
75 96 100
75 104 200
75 105 100
75 106 100
75 110 200
75 111 300
75 113 200
75 114 200
75 119 200
75 120 200
75 121 200
75 122 100
75 10710 200
75 10720 200
75 48150 200
75 77511 200
75 87305 100
75 106201 200
75 126805 200
75 127334 200
75 127342 200
75 127379 200
75 128855 100
75 128862 100
75 128863 100
75 165548 100
75 165558 100
75 166291 100
75 168555 100
75 183985 100
75 210232 100
75 230093 100
75 285478 100
75 286537 100
75 297830 100
75 301306 100
75 368347 100
75 368352 100
75 368359 100
75 384993 200
75 386454 200
75 392213 100
75 392214 100
75 394279 200
75 399023 100
75 406054 100
75 433143 100
75 433609 100
75 433617 100
75 433618 100
75 433663 100
75 433688 100
75 442203 100
75 445893 400
75 488211 100
75 488241 100
75 488359 100
75 488818 200
75 488819 200
75 488820 200
75 495609 100
75 497571 100
75 497581 100
75 497584 100
75 497585 100
75 497586 100
75 518682 200
75 524929 100
75 553093 100
75 554412 100
75 554811 100
75 555035 100
75 555315 200
75 555331 200
75 572128 100
75 573154 100
75 573738 100
75 578772 100
75 578811 500
75 591187 200
75 592464 200
75 593379 200
75 593400 200
75 595749 100
75 595781 100
75 610299 600
75 611449 100
75 613258 200
75 635577 200
75 659094 100
75 664984 100
75 669581 100
75 670740 200
75 678332 100
75 689105 100
75 689106 100
75 689107 100
75 689122 100
75 696402 100
75 707547 200
75 707548 200
75 707574 200
75 707584 200
75 708175 100
75 708176 100
75 708177 200
75 708182 100
75 749291 100
75 749453 200
75 749629 100
75 750246 100
75 750541 100
75 758485 100
75 758488 100
75 759965 200
75 759966 200
75 761559 100
75 761563 100
75 761584 100
75 763767 400
75 764043 200
75 765784 200
75 766338 200
75 772750 100
75 773896 400
75 774579 100
75 776260 400
75 777641 200
75 777689 200
75 777766 200
75 782856 200
75 782858 200
75 782865 200
75 782868 200
75 782872 200
75 782876 200
75 787018 100
75 798415 100
75 799238 200
75 799239 200
75 799241 200
75 799535 100
75 802729 100
75 802779 100
75 802788 100
75 803455 200
75 803534 100
75 804799 100
76 5 100
76 6 100
76 9 100
76 10 100
76 11 100
76 12 100
76 14 100
76 17 100
76 20 100
76 21 100
76 22 100
76 23 200
76 24 200
76 25 200
76 37 100
76 41 200
76 42 200
76 43 200
76 45 200
76 46 200
76 53 100
76 62 100
76 73 900
76 74 800
76 75 500
76 76 2000
76 77 500
76 78 900
76 79 400
76 80 1500
76 81 400
76 82 300
76 83 300
76 84 600
76 86 500
76 88 400
76 92 500
76 93 400
76 94 500
76 95 500
76 96 100
76 104 600
76 105 100
76 106 100
76 110 300
76 111 600
76 113 400
76 114 200
76 115 100
76 116 100
76 117 100
76 118 100
76 119 300
76 120 400
76 121 500
76 122 100
76 10710 200
76 10720 200
76 48150 200
76 77511 200
76 87305 100
76 106201 200
76 126805 200
76 127334 200
76 127342 200
76 127379 200
76 127382 100
76 128855 100
76 128862 100
76 128863 100
76 165548 100
76 165558 100
76 166291 100
76 168555 100
76 183985 100
76 210232 100
76 230093 100
76 285478 100
76 286537 100
76 297830 100
76 301306 100
76 368347 100
76 368352 100
76 368359 100
76 384993 200
76 386454 300
76 392213 100
76 392214 100
76 394279 200
76 399023 100
76 406054 100
76 433143 100
76 433609 100
76 433617 100
76 433618 100
76 433663 100
76 433688 100
76 442203 100
76 445893 500
76 488211 100
76 488241 100
76 488359 100
76 488818 200
76 488819 200
76 488820 200
76 495609 100
76 497571 100
76 497581 100
76 497584 100
76 497585 100
76 497586 100
76 518682 200
76 524929 100
76 553093 100
76 554412 100
76 554811 100
76 555035 100
76 555315 200
76 555331 200
76 572128 100
76 573154 100
76 573738 100
76 578772 100
76 578811 500
76 591187 200
76 592464 200
76 593379 200
76 593400 200
76 595749 100
76 595781 100
76 610299 700
76 611449 100
76 613258 200
76 635577 200
76 659094 100
76 664984 100
76 669581 100
76 670740 200
76 678332 100
76 689105 100
76 689106 100
76 689107 100
76 689122 100
76 696402 100
76 707547 200
76 707548 200
76 707574 200
76 707584 200
76 708175 100
76 708176 100
76 708177 200
76 708182 100
76 749291 100
76 749453 200
76 749629 100
76 750246 100
76 750541 100
76 758485 100
76 758488 100
76 759965 200
76 759966 200
76 761559 100
76 761563 100
76 761584 100
76 763767 500
76 764043 200
76 765784 200
76 766338 200
76 772750 100
76 773896 500
76 774579 100
76 776260 500
76 777641 200
76 777689 200
76 777766 200
76 782856 200
76 782858 200
76 782865 200
76 782868 200
76 782872 200
76 782876 200
76 787018 100
76 798415 100
76 799238 200
76 799239 200
76 799241 200
76 799535 100
76 802729 100
76 802779 100
76 802788 100
76 803455 300
76 803534 100
76 804799 100
77 73 400
77 74 300
77 76 300
77 77 600
77 79 400
77 80 200
77 81 400
77 82 200
77 83 200
77 84 100
77 85 100
77 86 100
77 87 100
77 89 100
77 90 100
77 93 100
77 94 400
77 95 400
77 96 300
77 104 400
77 111 300
77 121 500
77 122 100
77 127382 200
77 386454 200
77 445893 200
77 578811 100
77 610299 200
77 763767 200
77 773896 200
77 776260 200
77 803455 200
78 5 200
78 6 200
78 9 200
78 10 200
78 11 200
78 12 200
78 14 200
78 17 200
78 20 200
78 21 200
78 22 200
78 23 400
78 24 400
78 25 400
78 37 200
78 41 400
78 42 400
78 43 400
78 45 400
78 46 400
78 53 200
78 62 200
78 73 600
78 74 400
78 75 1000
78 76 1300
78 77 600
78 78 2500
78 79 400
78 80 2000
78 81 400
78 82 600
78 83 600
78 84 1200
78 86 1000
78 88 800
78 92 800
78 93 400
78 94 600
78 95 600
78 96 200
78 104 400
78 105 200
78 106 200
78 110 400
78 111 600
78 113 400
78 114 400
78 119 400
78 120 400
78 121 400
78 122 200
78 10710 400
78 10720 400
78 48150 400
78 77511 400
78 87305 200
78 106201 400
78 126805 400
78 127334 400
78 127342 400
78 127379 400
78 128855 200
78 128862 200
78 128863 200
78 165548 200
78 165558 200
78 166291 200
78 168555 200
78 183985 200
78 210232 200
78 230093 200
78 285478 200
78 286537 200
78 297830 200
78 301306 200
78 368347 200
78 368352 200
78 368359 200
78 384993 400
78 386454 400
78 392213 200
78 392214 200
78 394279 400
78 399023 200
78 406054 200
78 433143 200
78 433609 200
78 433617 200
78 433618 200
78 433663 200
78 433688 200
78 442203 200
78 445893 800
78 488211 200
78 488241 200
78 488359 200
78 488818 400
78 488819 400
78 488820 400
78 495609 200
78 497571 200
78 497581 200
78 497584 200
78 497585 200
78 497586 200
78 518682 400
78 524929 200
78 553093 200
78 554412 200
78 554811 200
78 555035 200
78 555315 400
78 555331 400
78 572128 200
78 573154 200
78 573738 200
78 578772 200
78 578811 1000
78 591187 400
78 592464 400
78 593379 400
78 593400 400
78 595749 200
78 595781 200
78 610299 1200
78 611449 200
78 613258 400
78 635577 400
78 659094 200
78 664984 200
78 669581 200
78 670740 400
78 678332 200
78 689105 200
78 689106 200
78 689107 200
78 689122 200
78 696402 200
78 707547 400
78 707548 400
78 707574 400
78 707584 400
78 708175 200
78 708176 200
78 708177 400
78 708182 200
78 749291 200
78 749453 400
78 749629 200
78 750246 200
78 750541 200
78 758485 200
78 758488 200
78 759965 400
78 759966 400
78 761559 200
78 761563 200
78 761584 200
78 763767 800
78 764043 400
78 765784 400
78 766338 400
78 772750 200
78 773896 800
78 774579 200
78 776260 800
78 777641 400
78 777689 400
78 777766 400
78 782856 400
78 782858 400
78 782865 400
78 782868 400
78 782872 400
78 782876 400
78 787018 200
78 798415 200
78 799238 400
78 799239 400
78 799241 400
78 799535 200
78 802729 200
78 802779 200
78 802788 200
78 803455 400
78 803534 200
78 804799 200
79 73 500
79 74 300
79 76 300
79 77 400
79 79 600
79 80 200
79 81 500
79 82 300
79 83 200
79 84 200
79 85 100
79 86 100
79 87 100
79 88 100
79 89 100
79 90 100
79 93 100
79 94 400
79 95 400
79 96 100
79 104 400
79 111 200
79 121 400
79 127382 200
79 386454 200
79 445893 200
79 578811 100
79 610299 200
79 763767 200
79 773896 200
79 776260 200
79 803455 200
80 5 200
80 6 200
80 9 200
80 10 200
80 11 200
80 12 200
80 14 200
80 17 200
80 20 200
80 21 200
80 22 200
80 23 400
80 24 400
80 25 400
80 37 200
80 41 400
80 42 400
80 43 400
80 45 400
80 46 400
80 53 200
80 62 200
80 73 2100
80 74 1700
80 75 1000
80 76 1500
80 77 800
80 78 1600
80 79 600
80 80 5600
80 81 700
80 82 1000
80 83 1000
80 84 1300
80 85 200
80 86 1500
80 87 200
80 88 1000
80 89 100
80 90 100
80 91 300
80 92 900
80 93 500
80 94 800
80 95 800
80 96 300
80 100 100
80 101 100
80 102 100
80 103 100
80 104 600
80 105 200
80 106 200
80 107 100
80 108 100
80 109 100
80 110 500
80 111 1500
80 113 400
80 114 400
80 119 400
80 120 500
80 121 1000
80 122 200
80 10710 400
80 10720 400
80 48150 400
80 77511 400
80 87305 200
80 106201 400
80 126805 400
80 127334 400
80 127342 400
80 127379 400
80 127382 100
80 128855 200
80 128862 200
80 128863 200
80 165548 200
80 165558 200
80 166291 200
80 168555 200
80 183985 200
80 210232 200
80 230093 200
80 285478 200
80 286537 200
80 297830 200
80 301306 200
80 368347 200
80 368352 200
80 368359 200
80 384993 400
80 386454 500
80 392213 200
80 392214 200
80 394279 400
80 399023 200
80 406054 200
80 433143 200
80 433609 200
80 433617 200
80 433618 200
80 433663 200
80 433688 200
80 442203 200
80 445893 900
80 488211 200
80 488241 200
80 488359 200
80 488818 400
80 488819 400
80 488820 400
80 495609 200
80 497571 200
80 497581 200
80 497584 200
80 497585 200
80 497586 200
80 518682 400
80 524929 200
80 553093 200
80 554412 200
80 554811 200
80 555035 200
80 555315 400
80 555331 400
80 572128 200
80 573154 200
80 573738 200
80 578772 200
80 578811 1200
80 591187 400
80 592464 400
80 593379 400
80 593400 400
80 595749 200
80 595781 200
80 610299 1300
80 611449 200
80 613258 400
80 635577 400
80 659094 200
80 664984 200
80 669581 200
80 670740 400
80 678332 200
80 689105 200
80 689106 200
80 689107 200
80 689122 200
80 696402 200
80 707547 400
80 707548 400
80 707574 400
80 707584 400
80 708175 200
80 708176 200
80 708177 400
80 708182 200
80 749291 200
80 749453 400
80 749629 200
80 750246 200
80 750541 200
80 758485 200
80 758488 200
80 759965 400
80 759966 400
80 761559 200
80 761563 200
80 761584 200
80 763767 900
80 764043 400
80 765784 400
80 766338 400
80 772750 200
80 773896 900
80 774579 200
80 776260 1000
80 777641 400
80 777689 400
80 777766 400
80 782856 400
80 782858 400
80 782865 400
80 782868 400
80 782872 400
80 782876 400
80 787018 200
80 798415 200
80 799238 400
80 799239 400
80 799241 400
80 799535 200
80 802729 200
80 802779 200
80 802788 200
80 803455 500
80 803534 200
80 804799 200
81 73 700
81 74 500
81 76 300
81 77 400
81 79 500
81 80 300
81 81 1400
81 82 500
81 83 500
81 84 200
81 85 100
81 86 200
81 87 100
81 88 100
81 89 100
81 90 100
81 93 100
81 94 400
81 95 400
81 96 100
81 97 300
81 98 300
81 99 300
81 104 400
81 106 100
81 111 400
81 121 400
81 127382 200
81 386454 200
81 445893 200
81 578811 200
81 610299 200
81 763767 200
81 773896 200
81 776260 200
81 803455 200
82 73 700
82 74 400
82 76 100
82 77 200
82 79 300
82 80 200
82 81 400
82 82 900
82 83 600
82 84 400
82 85 200
82 86 200
82 87 200
82 89 100
82 90 100
82 93 100
82 94 200
82 95 200
82 96 100
82 97 100
82 98 100
82 104 200
82 106 100
82 111 600
82 121 200
82 127382 100
82 285478 100
82 386454 100
82 445893 100
82 578811 300
82 610299 100
82 763767 100
82 773896 100
82 776260 100
82 803455 100
83 73 600
83 74 400
83 76 100
83 77 200
83 79 200
83 80 200
83 81 400
83 82 600
83 83 700
83 84 200
83 85 200
83 86 200
83 87 200
83 89 100
83 90 100
83 93 100
83 94 200
83 95 200
83 96 100
83 104 200
83 111 500
83 121 200
83 127382 100
83 386454 100
83 445893 100
83 578811 300
83 610299 100
83 763767 100
83 773896 100
83 776260 100
83 803455 100
84 5 100
84 6 100
84 9 100
84 10 100
84 11 100
84 12 100
84 14 100
84 17 100
84 20 100
84 21 100
84 22 100
84 23 200
84 24 200
84 25 200
84 37 100
84 41 200
84 42 200
84 43 200
84 45 200
84 46 200
84 53 100
84 62 100
84 73 800
84 74 400
84 75 500
84 76 700
84 77 500
84 78 800
84 79 500
84 80 1100
84 81 500
84 82 900
84 83 700
84 84 1000
84 85 200
84 86 600
84 87 200
84 88 400
84 89 100
84 90 100
84 92 400
84 93 300
84 94 500
84 95 500
84 96 200
84 97 100
84 98 100
84 104 400
84 105 100
84 106 200
84 110 200
84 111 600
84 113 200
84 114 200
84 119 200
84 120 200
84 121 400
84 122 100
84 10710 200
84 10720 200
84 48150 200
84 77511 200
84 87305 100
84 106201 200
84 126805 200
84 127334 200
84 127342 200
84 127379 200
84 127382 100
84 128855 100
84 128862 100
84 128863 100
84 165548 100
84 165558 100
84 166291 100
84 168555 100
84 183985 100
84 210232 100
84 230093 100
84 285478 200
84 286537 100
84 297830 100
84 301306 100
84 368347 100
84 368352 100
84 368359 100
84 384993 200
84 386454 300
84 392213 100
84 392214 100
84 394279 200
84 399023 100
84 406054 100
84 433143 100
84 433609 100
84 433617 100
84 433618 100
84 433663 100
84 433688 100
84 442203 100
84 445893 500
84 488211 100
84 488241 100
84 488359 100
84 488818 200
84 488819 200
84 488820 200
84 495609 100
84 497571 100
84 497581 100
84 497584 100
84 497585 100
84 497586 100
84 518682 200
84 524929 100
84 553093 100
84 554412 100
84 554811 100
84 555035 100
84 555315 200
84 555331 200
84 572128 100
84 573154 100
84 573738 100
84 578772 100
84 578811 700
84 591187 200
84 592464 200
84 593379 200
84 593400 200
84 595749 100
84 595781 100
84 610299 700
84 611449 100
84 613258 200
84 635577 200
84 659094 100
84 664984 100
84 669581 100
84 670740 200
84 678332 100
84 689105 100
84 689106 100
84 689107 100
84 689122 100
84 696402 100
84 707547 200
84 707548 200
84 707574 200
84 707584 200
84 708175 100
84 708176 100
84 708177 200
84 708182 100
84 749291 100
84 749453 200
84 749629 100
84 750246 100
84 750541 100
84 758485 100
84 758488 100
84 759965 200
84 759966 200
84 761559 100
84 761563 100
84 761584 100
84 763767 500
84 764043 200
84 765784 200
84 766338 200
84 772750 100
84 773896 500
84 774579 100
84 776260 500
84 777641 200
84 777689 200
84 777766 200
84 782856 200
84 782858 200
84 782865 200
84 782868 200
84 782872 200
84 782876 200
84 787018 100
84 798415 100
84 799238 200
84 799239 200
84 799241 200
84 799535 100
84 802729 100
84 802779 100
84 802788 100
84 803455 300
84 803534 100
84 804799 100
85 73 600
85 74 300
85 76 100
85 77 200
85 79 200
85 80 300
85 81 200
85 82 400
85 83 400
85 84 200
85 85 300
85 86 300
85 87 300
85 89 100
85 90 100
85 91 200
85 93 100
85 94 200
85 95 200
85 96 100
85 104 200
85 111 300
85 121 200
85 127382 100
85 386454 100
85 445893 100
85 578811 200
85 610299 100
85 763767 100
85 773896 100
85 776260 200
85 803455 100
86 5 100
86 6 100
86 9 100
86 10 100
86 11 100
86 12 100
86 14 100
86 17 100
86 20 100
86 21 100
86 22 100
86 23 200
86 24 200
86 25 200
86 37 100
86 41 200
86 42 200
86 43 200
86 45 200
86 46 200
86 53 100
86 62 100
86 73 1000
86 74 600
86 75 500
86 76 700
86 77 500
86 78 800
86 79 400
86 80 1500
86 81 500
86 82 700
86 83 700
86 84 700
86 85 200
86 86 1100
86 87 200
86 88 600
86 89 100
86 90 100
86 91 200
86 92 400
86 93 300
86 94 500
86 95 500
86 96 200
86 104 400
86 105 100
86 106 100
86 110 200
86 111 500
86 113 200
86 114 200
86 119 200
86 120 200
86 121 400
86 122 100
86 10710 200
86 10720 200
86 48150 200
86 77511 200
86 87305 100
86 106201 200
86 126805 200
86 127334 200
86 127342 200
86 127379 200
86 127382 100
86 128855 100
86 128862 100
86 128863 100
86 165548 100
86 165558 100
86 166291 100
86 168555 100
86 183985 100
86 210232 100
86 230093 100
86 285478 100
86 286537 100
86 297830 100
86 301306 100
86 368347 100
86 368352 100
86 368359 100
86 384993 200
86 386454 300
86 392213 100
86 392214 100
86 394279 200
86 399023 100
86 406054 100
86 433143 100
86 433609 100
86 433617 100
86 433618 100
86 433663 100
86 433688 100
86 442203 100
86 445893 500
86 488211 100
86 488241 100
86 488359 100
86 488818 200
86 488819 200
86 488820 200
86 495609 100
86 497571 100
86 497581 100
86 497584 100
86 497585 100
86 497586 100
86 518682 200
86 524929 100
86 553093 100
86 554412 100
86 554811 100
86 555035 100
86 555315 200
86 555331 200
86 572128 100
86 573154 100
86 573738 100
86 578772 100
86 578811 700
86 591187 200
86 592464 200
86 593379 200
86 593400 200
86 595749 100
86 595781 100
86 610299 700
86 611449 100
86 613258 200
86 635577 200
86 659094 100
86 664984 100
86 669581 100
86 670740 200
86 678332 100
86 689105 100
86 689106 100
86 689107 100
86 689122 100
86 696402 100
86 707547 200
86 707548 200
86 707574 200
86 707584 200
86 708175 100
86 708176 100
86 708177 200
86 708182 100
86 749291 100
86 749453 200
86 749629 100
86 750246 100
86 750541 100
86 758485 100
86 758488 100
86 759965 200
86 759966 200
86 761559 100
86 761563 100
86 761584 100
86 763767 500
86 764043 200
86 765784 200
86 766338 200
86 772750 100
86 773896 500
86 774579 100
86 776260 600
86 777641 200
86 777689 200
86 777766 200
86 782856 200
86 782858 200
86 782865 200
86 782868 200
86 782872 200
86 782876 200
86 787018 100
86 798415 100
86 799238 200
86 799239 200
86 799241 200
86 799535 100
86 802729 100
86 802779 100
86 802788 100
86 803455 300
86 803534 100
86 804799 100
87 73 600
87 74 300
87 76 100
87 77 200
87 79 200
87 80 300
87 81 200
87 82 400
87 83 400
87 84 200
87 85 300
87 86 300
87 87 400
87 89 100
87 90 100
87 91 200
87 93 100
87 94 200
87 95 200
87 96 100
87 104 200
87 111 300
87 121 200
87 127382 100
87 386454 100
87 445893 100
87 578811 200
87 610299 100
87 763767 100
87 773896 100
87 776260 200
87 803455 100
88 5 100
88 6 100
88 9 100
88 10 100
88 11 100
88 12 100
88 14 100
88 17 100
88 20 100
88 21 100
88 22 100
88 23 200
88 24 200
88 25 200
88 37 100
88 41 200
88 42 200
88 43 200
88 45 200
88 46 200
88 53 100
88 62 100
88 73 600
88 74 200
88 75 500
88 76 600
88 77 300
88 78 800
88 79 300
88 80 1300
88 81 300
88 82 300
88 83 300
88 84 600
88 86 800
88 88 900
88 89 100
88 90 100
88 91 100
88 92 400
88 93 200
88 94 300
88 95 300
88 96 100
88 104 200
88 105 100
88 106 100
88 110 200
88 111 200
88 113 200
88 114 200
88 119 200
88 120 200
88 121 200
88 122 100
88 10710 200
88 10720 200
88 48150 200
88 77511 200
88 87305 100
88 106201 200
88 126805 200
88 127334 200
88 127342 200
88 127379 200
88 128855 100
88 128862 100
88 128863 100
88 165548 100
88 165558 100
88 166291 100
88 168555 100
88 183985 100
88 210232 100
88 230093 100
88 285478 100
88 286537 100
88 297830 100
88 301306 100
88 368347 100
88 368352 100
88 368359 100
88 384993 200
88 386454 200
88 392213 100
88 392214 100
88 394279 200
88 399023 100
88 406054 100
88 433143 100
88 433609 100
88 433617 100
88 433618 100
88 433663 100
88 433688 100
88 442203 100
88 445893 400
88 488211 100
88 488241 100
88 488359 100
88 488818 200
88 488819 200
88 488820 200
88 495609 100
88 497571 100
88 497581 100
88 497584 100
88 497585 100
88 497586 100
88 518682 200
88 524929 100
88 553093 100
88 554412 100
88 554811 100
88 555035 100
88 555315 200
88 555331 200
88 572128 100
88 573154 100
88 573738 100
88 578772 100
88 578811 500
88 591187 200
88 592464 200
88 593379 200
88 593400 200
88 595749 100
88 595781 100
88 610299 600
88 611449 100
88 613258 200
88 635577 200
88 659094 100
88 664984 100
88 669581 100
88 670740 200
88 678332 100
88 689105 100
88 689106 100
88 689107 100
88 689122 100
88 696402 100
88 707547 200
88 707548 200
88 707574 200
88 707584 200
88 708175 100
88 708176 100
88 708177 200
88 708182 100
88 749291 100
88 749453 200
88 749629 100
88 750246 100
88 750541 100
88 758485 100
88 758488 100
88 759965 200
88 759966 200
88 761559 100
88 761563 100
88 761584 100
88 763767 400
88 764043 200
88 765784 200
88 766338 200
88 772750 100
88 773896 400
88 774579 100
88 776260 500
88 777641 200
88 777689 200
88 777766 200
88 782856 200
88 782858 200
88 782865 200
88 782868 200
88 782872 200
88 782876 200
88 787018 100
88 798415 100
88 799238 200
88 799239 200
88 799241 200
88 799535 100
88 802729 100
88 802779 100
88 802788 100
88 803455 200
88 803534 100
88 804799 100
89 73 400
89 74 200
89 76 100
89 77 200
89 79 200
89 80 200
89 81 200
89 82 200
89 83 200
89 84 100
89 85 100
89 86 200
89 87 100
89 88 100
89 89 600
89 90 300
89 91 100
89 93 100
89 94 200
89 95 200
89 96 100
89 104 200
89 111 100
89 121 200
89 127382 100
89 386454 100
89 445893 100
89 578811 100
89 610299 100
89 763767 100
89 773896 100
89 776260 200
89 803455 100
90 73 400
90 74 200
90 76 100
90 77 200
90 79 200
90 80 200
90 81 200
90 82 200
90 83 200
90 84 100
90 85 100
90 86 200
90 87 100
90 88 100
90 89 300
90 90 400
90 91 100
90 93 100
90 94 200
90 95 200
90 96 100
90 104 200
90 111 100
90 121 200
90 127382 100
90 386454 100
90 445893 100
90 578811 100
90 610299 100
90 763767 100
90 773896 100
90 776260 200
90 803455 100
91 5 200
91 6 100
91 9 100
91 10 100
91 11 100
91 12 100
91 14 100
91 17 100
91 20 100
91 21 100
91 22 100
91 23 200
91 24 200
91 25 200
91 37 100
91 39 100
91 41 200
91 42 200
91 43 200
91 45 200
91 46 200
91 53 100
91 62 100
91 73 700
91 74 500
91 75 500
91 76 600
91 77 300
91 78 800
91 79 200
91 80 1400
91 81 200
91 82 300
91 83 300
91 84 600
91 85 100
91 86 700
91 87 100
91 88 400
91 91 3100
91 92 400
91 93 200
91 94 300
91 95 300
91 96 100
91 100 200
91 101 200
91 102 200
91 103 200
91 104 200
91 105 100
91 106 100
91 107 200
91 108 200
91 109 200
91 110 300
91 111 300
91 113 200
91 114 200
91 119 200
91 120 200
91 121 200
91 122 100
91 10710 200
91 10720 200
91 48150 200
91 77511 200
91 87305 100
91 106201 200
91 126805 200
91 127334 200
91 127342 200
91 127379 200
91 128855 100
91 128862 100
91 128863 100
91 165548 100
91 165558 100
91 166291 100
91 168555 100
91 183985 100
91 210232 100
91 230093 100
91 285478 100
91 286537 100
91 297830 100
91 301306 100
91 368347 100
91 368352 100
91 368359 100
91 384993 200
91 386454 200
91 392213 100
91 392214 100
91 394279 200
91 399023 100
91 406054 100
91 433143 100
91 433609 100
91 433617 100
91 433618 100
91 433663 100
91 433688 100
91 442203 100
91 445893 400
91 488211 100
91 488241 100
91 488359 100
91 488818 200
91 488819 200
91 488820 200
91 495609 100
91 497571 100
91 497581 100
91 497584 100
91 497585 100
91 497586 100
91 518682 200
91 524929 100
91 553093 100
91 554412 100
91 554811 100
91 555035 100
91 555315 200
91 555331 200
91 572128 100
91 573154 100
91 573738 100
91 578772 100
91 578811 500
91 591187 200
91 592464 200
91 593379 200
91 593400 200
91 595749 100
91 595781 100
91 610299 600
91 611449 100
91 613258 200
91 635577 200
91 659094 100
91 664984 100
91 669581 100
91 670740 200
91 678332 100
91 689105 100
91 689106 100
91 689107 100
91 689122 100
91 696402 100
91 707547 200
91 707548 200
91 707574 200
91 707584 200
91 708175 100
91 708176 100
91 708177 200
91 708182 100
91 749291 100
91 749453 200
91 749629 100
91 750246 100
91 750541 100
91 758485 100
91 758488 100
91 759965 200
91 759966 200
91 761559 100
91 761563 100
91 761584 100
91 763767 400
91 764043 200
91 765784 200
91 766338 200
91 772750 100
91 773896 400
91 774579 100
91 776260 500
91 777641 200
91 777689 200
91 777766 200
91 782856 200
91 782858 200
91 782865 200
91 782868 200
91 782872 200
91 782876 200
91 787018 100
91 798415 100
91 799238 200
91 799239 200
91 799241 200
91 799535 100
91 802729 100
91 802779 100
91 802788 100
91 803455 200
91 803534 100
91 804799 100
92 5 100
92 6 100
92 9 100
92 10 100
92 11 100
92 12 100
92 14 100
92 17 100
92 20 100
92 21 100
92 22 100
92 23 200
92 24 200
92 25 200
92 37 100
92 41 200
92 42 200
92 43 200
92 45 200
92 46 200
92 53 100
92 62 100
92 73 700
92 74 500
92 75 500
92 76 700
92 77 300
92 78 800
92 79 200
92 80 1300
92 81 200
92 82 300
92 83 300
92 84 600
92 86 500
92 88 400
92 92 1000
92 93 300
92 94 300
92 95 300
92 96 100
92 100 100
92 101 100
92 102 100
92 103 100
92 104 200
92 105 100
92 106 100
92 107 100
92 108 100
92 109 100
92 110 500
92 111 600
92 113 300
92 114 200
92 115 100
92 116 100
92 117 100
92 118 100
92 119 300
92 120 300
92 121 300
92 122 100
92 10710 200
92 10720 200
92 48150 200
92 77511 200
92 87305 100
92 106201 200
92 126805 200
92 127334 200
92 127342 200
92 127379 200
92 128855 100
92 128862 100
92 128863 100
92 165548 100
92 165558 100
92 166291 100
92 168555 100
92 183985 100
92 210232 100
92 230093 100
92 285478 100
92 286537 100
92 297830 100
92 301306 100
92 368347 100
92 368352 100
92 368359 100
92 384993 200
92 386454 200
92 392213 100
92 392214 100
92 394279 200
92 399023 100
92 406054 100
92 433143 100
92 433609 100
92 433617 100
92 433618 100
92 433663 100
92 433688 100
92 442203 100
92 445893 400
92 488211 100
92 488241 100
92 488359 100
92 488818 200
92 488819 200
92 488820 200
92 495609 100
92 497571 100
92 497581 100
92 497584 100
92 497585 100
92 497586 100
92 518682 200
92 524929 100
92 553093 100
92 554412 100
92 554811 100
92 555035 100
92 555315 200
92 555331 200
92 572128 100
92 573154 100
92 573738 100
92 578772 100
92 578811 500
92 591187 200
92 592464 200
92 593379 200
92 593400 200
92 595749 100
92 595781 100
92 610299 600
92 611449 100
92 613258 200
92 635577 200
92 659094 100
92 664984 100
92 669581 100
92 670740 200
92 678332 100
92 689105 100
92 689106 100
92 689107 100
92 689122 100
92 696402 100
92 707547 200
92 707548 200
92 707574 200
92 707584 200
92 708175 100
92 708176 100
92 708177 200
92 708182 100
92 749291 100
92 749453 200
92 749629 100
92 750246 100
92 750541 100
92 758485 100
92 758488 100
92 759965 200
92 759966 200
92 761559 100
92 761563 100
92 761584 100
92 763767 400
92 764043 200
92 765784 200
92 766338 200
92 772750 100
92 773896 400
92 774579 100
92 776260 400
92 777641 200
92 777689 200
92 777766 200
92 782856 200
92 782858 200
92 782865 200
92 782868 200
92 782872 200
92 782876 200
92 787018 100
92 798415 100
92 799238 200
92 799239 200
92 799241 200
92 799535 100
92 802729 100
92 802779 100
92 802788 100
92 803455 200
92 803534 100
92 804799 100
93 73 400
93 74 300
93 76 300
93 77 200
93 79 200
93 80 200
93 81 200
93 82 200
93 83 200
93 84 100
93 85 100
93 86 100
93 87 100
93 89 100
93 90 100
93 92 100
93 93 400
93 94 200
93 95 200
93 96 100
93 104 300
93 110 100
93 111 300
93 113 200
93 115 100
93 116 100
93 117 100
93 118 100
93 119 100
93 120 200
93 121 300
93 127382 100
93 386454 100
93 445893 100
93 578811 100
93 610299 100
93 763767 100
93 773896 100
93 776260 100
93 803455 100
94 73 400
94 74 300
94 76 300
94 77 400
94 79 400
94 80 200
94 81 400
94 82 200
94 83 200
94 84 100
94 85 100
94 86 100
94 87 100
94 89 100
94 90 100
94 93 100
94 94 500
94 95 400
94 96 100
94 104 400
94 111 100
94 121 400
94 127382 200
94 386454 200
94 445893 200
94 578811 100
94 610299 200
94 763767 200
94 773896 200
94 776260 200
94 803455 200
95 73 400
95 74 300
95 76 300
95 77 400
95 79 400
95 80 200
95 81 400
95 82 200
95 83 200
95 84 100
95 85 100
95 86 100
95 87 100
95 89 100
95 90 100
95 93 100
95 94 400
95 95 500
95 96 100
95 104 400
95 111 100
95 121 400
95 127382 200
95 386454 200
95 445893 200
95 578811 100
95 610299 200
95 763767 200
95 773896 200
95 776260 200
95 803455 200
96 73 200
96 74 100
96 76 100
96 77 400
96 79 200
96 80 100
96 81 200
96 82 200
96 83 200
96 84 100
96 85 100
96 86 100
96 87 100
96 89 100
96 90 100
96 93 100
96 94 200
96 95 200
96 96 400
96 104 200
96 111 400
96 121 400
96 122 100
96 127382 100
96 386454 100
96 445893 100
96 578811 100
96 610299 100
96 763767 100
96 773896 100
96 776260 100
96 803455 100
97 81 300
97 82 100
97 84 100
97 97 600
97 98 300
97 99 200
97 106 100
97 285478 100
98 81 300
98 82 100
98 84 100
98 97 300
98 98 400
98 99 300
98 106 100
98 285478 100
99 81 300
99 97 200
99 98 300
99 99 300
100 73 200
100 74 100
100 80 200
100 91 200
100 92 100
100 100 300
100 101 200
100 102 100
100 103 100
100 107 100
100 108 100
100 109 100
101 73 200
101 74 100
101 80 200
101 91 200
101 92 100
101 100 200
101 101 300
101 102 100
101 103 100
101 107 100
101 108 100
101 109 100
102 44 100
102 73 200
102 74 100
102 80 200
102 91 200
102 92 100
102 100 100
102 101 100
102 102 500
102 103 200
102 107 100
102 108 100
102 109 100
103 73 200
103 74 100
103 80 200
103 91 200
103 92 100
103 100 100
103 101 100
103 102 200
103 103 300
103 107 100
103 108 100
103 109 100
104 73 400
104 74 300
104 76 500
104 77 400
104 79 400
104 80 200
104 81 400
104 82 200
104 83 200
104 84 100
104 85 100
104 86 100
104 87 100
104 89 100
104 90 100
104 93 200
104 94 400
104 95 400
104 96 100
104 104 1200
104 105 100
104 111 300
104 113 100
104 120 100
104 121 400
104 127382 200
104 386454 200
104 445893 200
104 578811 100
104 610299 200
104 763767 200
104 773896 200
104 776260 200
104 803455 200
105 104 100
105 105 200
106 81 100
106 82 100
106 84 100
106 97 100
106 98 100
106 106 300
106 285478 100
107 73 200
107 74 100
107 80 200
107 91 200
107 92 100
107 100 100
107 101 100
107 102 100
107 103 100
107 107 300
107 108 200
107 109 200
108 73 200
108 74 100
108 80 200
108 91 200
108 92 100
108 100 100
108 101 100
108 102 100
108 103 100
108 107 200
108 108 300
108 109 200
109 73 200
109 74 100
109 80 200
109 91 200
109 92 100
109 100 100
109 101 100
109 102 100
109 103 100
109 107 200
109 108 200
109 109 300
110 73 400
110 74 400
110 76 100
110 80 300
110 91 100
110 92 300
110 93 100
110 110 400
110 111 300
110 113 100
110 115 100
110 116 100
110 117 100
110 118 100
110 119 100
110 120 100
110 121 100
111 5 100
111 6 100
111 9 100
111 10 100
111 11 100
111 12 100
111 14 100
111 17 100
111 20 100
111 21 100
111 22 100
111 23 200
111 24 200
111 25 200
111 37 100
111 41 200
111 42 200
111 43 200
111 45 200
111 46 200
111 53 100
111 62 100
111 73 1200
111 74 900
111 75 600
111 76 1000
111 77 500
111 78 1000
111 79 300
111 80 2100
111 81 400
111 82 800
111 83 700
111 84 800
111 85 100
111 86 600
111 87 100
111 88 400
111 91 100
111 92 800
111 93 400
111 94 300
111 95 300
111 96 400
111 104 400
111 105 100
111 106 100
111 110 500
111 111 6200
111 112 100
111 113 800
111 114 300
111 115 300
111 116 300
111 117 300
111 118 300
111 119 300
111 120 400
111 121 500
111 122 200
111 10710 200
111 10720 200
111 48150 200
111 77511 200
111 87305 100
111 106201 200
111 126805 200
111 127334 200
111 127342 200
111 127379 200
111 127382 200
111 128855 100
111 128862 100
111 128863 100
111 165548 100
111 165558 100
111 166291 100
111 168555 100
111 183985 100
111 210232 100
111 230093 100
111 285478 100
111 286537 100
111 297830 100
111 301306 100
111 368347 100
111 368352 100
111 368359 100
111 384993 200
111 386454 200
111 392213 100
111 392214 100
111 394279 200
111 399023 100
111 406054 100
111 433143 100
111 433609 100
111 433617 100
111 433618 100
111 433663 100
111 433688 100
111 442203 100
111 445893 400
111 488211 100
111 488241 100
111 488359 100
111 488818 200
111 488819 200
111 488820 200
111 495609 100
111 497571 100
111 497581 100
111 497584 100
111 497585 100
111 497586 100
111 518682 200
111 524929 100
111 553093 100
111 554412 100
111 554811 100
111 555035 100
111 555315 200
111 555331 200
111 559333 200
111 572128 100
111 573154 100
111 573738 100
111 578772 100
111 578811 700
111 591187 200
111 592464 200
111 593379 200
111 593400 200
111 595749 100
111 595781 100
111 610299 600
111 611449 100
111 613258 200
111 635577 200
111 659094 100
111 664984 100
111 669581 100
111 670740 200
111 678332 100
111 689105 100
111 689106 100
111 689107 100
111 689122 100
111 696402 100
111 707547 200
111 707548 200
111 707574 200
111 707584 200
111 708175 100
111 708176 100
111 708177 200
111 708182 100
111 749291 100
111 749453 200
111 749629 100
111 750246 100
111 750541 100
111 758485 100
111 758488 100
111 759965 200
111 759966 200
111 761559 100
111 761563 100
111 761584 100
111 763767 400
111 764043 400
111 765784 200
111 766338 200
111 772750 100
111 773896 400
111 774579 100
111 776260 400
111 777641 200
111 777689 200
111 777766 200
111 782856 200
111 782858 200
111 782865 200
111 782868 200
111 782872 200
111 782876 200
111 787018 100
111 798415 100
111 799238 200
111 799239 200
111 799241 200
111 799535 100
111 802729 100
111 802779 100
111 802788 100
111 803455 200
111 803534 100
111 804799 100
112 5 100
112 6 100
112 9 100
112 10 100
112 11 100
112 12 100
112 14 100
112 17 100
112 20 100
112 21 100
112 22 100
112 23 200
112 24 200
112 25 200
112 37 100
112 41 200
112 42 200
112 43 200
112 45 200
112 46 200
112 53 100
112 62 100
112 73 300
112 74 200
112 75 500
112 76 600
112 77 300
112 78 800
112 79 200
112 80 1000
112 81 200
112 82 300
112 83 300
112 84 600
112 86 500
112 88 400
112 92 400
112 93 200
112 94 300
112 95 300
112 96 100
112 104 200
112 105 100
112 106 100
112 110 200
112 111 400
112 112 100
112 113 400
112 114 200
112 119 200
112 120 200
112 121 200
112 122 100
112 10710 200
112 10720 200
112 48150 200
112 77511 200
112 87305 100
112 106201 200
112 126805 200
112 127334 200
112 127342 200
112 127379 200
112 127382 100
112 128855 100
112 128862 100
112 128863 100
112 165548 100
112 165558 100
112 166291 100
112 168555 100
112 183985 100
112 210232 100
112 230093 100
112 285478 100
112 286537 100
112 297830 100
112 301306 100
112 368347 100
112 368352 100
112 368359 100
112 384993 200
112 386454 200
112 392213 100
112 392214 100
112 394279 200
112 399023 100
112 406054 100
112 433143 100
112 433609 100
112 433617 100
112 433618 100
112 433663 100
112 433688 100
112 442203 100
112 445893 400
112 488211 100
112 488241 100
112 488359 100
112 488818 200
112 488819 200
112 488820 200
112 495609 100
112 497571 100
112 497581 100
112 497584 100
112 497585 100
112 497586 100
112 518682 200
112 524929 100
112 553093 100
112 554412 100
112 554811 100
112 555035 100
112 555315 200
112 555331 200
112 559333 100
112 572128 100
112 573154 100
112 573738 100
112 578772 100
112 578811 500
112 591187 200
112 592464 200
112 593379 200
112 593400 200
112 595749 100
112 595781 100
112 610299 600
112 611449 100
112 613258 200
112 635577 200
112 659094 100
112 664984 100
112 669581 100
112 670740 200
112 678332 100
112 689105 100
112 689106 100
112 689107 100
112 689122 100
112 696402 100
112 707547 200
112 707548 200
112 707574 200
112 707584 200
112 708175 100
112 708176 100
112 708177 200
112 708182 100
112 749291 100
112 749453 200
112 749629 100
112 750246 100
112 750541 100
112 758485 100
112 758488 100
112 759965 200
112 759966 200
112 761559 100
112 761563 100
112 761584 100
112 763767 400
112 764043 300
112 765784 200
112 766338 200
112 772750 100
112 773896 400
112 774579 100
112 776260 400
112 777641 200
112 777689 200
112 777766 200
112 782856 200
112 782858 200
112 782865 200
112 782868 200
112 782872 200
112 782876 200
112 787018 100
112 798415 100
112 799238 200
112 799239 200
112 799241 200
112 799535 100
112 802729 100
112 802779 100
112 802788 100
112 803455 200
112 803534 100
112 804799 100
113 73 200
113 74 200
113 76 200
113 80 100
113 92 100
113 93 200
113 104 100
113 110 100
113 111 600
113 112 100
113 113 700
113 114 100
113 115 100
113 116 100
113 117 100
113 118 100
113 119 100
113 120 200
113 121 100
113 127382 200
113 559333 200
113 764043 200
114 5 100
114 6 100
114 9 100
114 10 100
114 11 100
114 12 100
114 14 100
114 17 100
114 20 100
114 21 100
114 22 100
114 23 200
114 24 200
114 25 200
114 37 100
114 41 200
114 42 200
114 43 200
114 45 200
114 46 200
114 53 100
114 62 100
114 73 300
114 74 200
114 75 500
114 76 600
114 77 300
114 78 800
114 79 200
114 80 1000
114 81 200
114 82 300
114 83 300
114 84 600
114 86 500
114 88 400
114 92 400
114 93 200
114 94 300
114 95 300
114 96 100
114 104 200
114 105 100
114 106 100
114 110 200
114 111 400
114 113 400
114 114 300
114 119 200
114 120 200
114 121 200
114 122 100
114 10710 200
114 10720 200
114 48150 200
114 77511 200
114 87305 100
114 106201 200
114 126805 200
114 127334 200
114 127342 200
114 127379 200
114 127382 100
114 128855 100
114 128862 100
114 128863 100
114 165548 100
114 165558 100
114 166291 100
114 168555 100
114 183985 100
114 210232 100
114 230093 100
114 285478 100
114 286537 100
114 297830 100
114 301306 100
114 368347 100
114 368352 100
114 368359 100
114 384993 200
114 386454 200
114 392213 100
114 392214 100
114 394279 200
114 399023 100
114 406054 100
114 433143 100
114 433609 100
114 433617 100
114 433618 100
114 433663 100
114 433688 100
114 442203 100
114 445893 400
114 488211 100
114 488241 100
114 488359 100
114 488818 200
114 488819 200
114 488820 200
114 495609 100
114 497571 100
114 497581 100
114 497584 100
114 497585 100
114 497586 100
114 518682 200
114 524929 100
114 553093 100
114 554412 100
114 554811 100
114 555035 100
114 555315 200
114 555331 200
114 559333 100
114 572128 100
114 573154 100
114 573738 100
114 578772 100
114 578811 500
114 591187 200
114 592464 200
114 593379 200
114 593400 200
114 595749 100
114 595781 100
114 610299 600
114 611449 100
114 613258 200
114 635577 200
114 659094 100
114 664984 100
114 669581 100
114 670740 200
114 678332 100
114 689105 100
114 689106 100
114 689107 100
114 689122 100
114 696402 100
114 707547 200
114 707548 200
114 707574 200
114 707584 200
114 708175 100
114 708176 100
114 708177 200
114 708182 100
114 749291 100
114 749453 200
114 749629 100
114 750246 100
114 750541 100
114 758485 100
114 758488 100
114 759965 200
114 759966 200
114 761559 100
114 761563 100
114 761584 100
114 763767 400
114 764043 300
114 765784 200
114 766338 200
114 772750 100
114 773896 400
114 774579 100
114 776260 400
114 777641 200
114 777689 200
114 777766 200
114 782856 200
114 782858 200
114 782865 200
114 782868 200
114 782872 200
114 782876 200
114 787018 100
114 798415 100
114 799238 200
114 799239 200
114 799241 200
114 799535 100
114 802729 100
114 802779 100
114 802788 100
114 803455 200
114 803534 100
114 804799 100
115 73 200
115 74 200
115 76 100
115 80 100
115 92 100
115 93 100
115 110 100
115 111 300
115 113 100
115 115 400
115 116 300
115 117 300
115 118 300
115 119 100
115 120 100
115 121 100
116 73 200
116 74 200
116 76 100
116 80 100
116 92 100
116 93 100
116 110 100
116 111 300
116 113 100
116 115 300
116 116 400
116 117 300
116 118 300
116 119 100
116 120 100
116 121 100
117 73 200
117 74 200
117 76 100
117 80 100
117 92 100
117 93 100
117 110 100
117 111 300
117 113 100
117 115 300
117 116 300
117 117 900
117 118 300
117 119 100
117 120 100
117 121 100
118 73 200
118 74 200
118 76 100
118 80 100
118 92 100
118 93 100
118 110 100
118 111 300
118 113 100
118 115 300
118 116 300
118 117 300
118 118 900
118 119 100
118 120 100
118 121 100
119 73 200
119 74 200
119 76 100
119 80 100
119 92 100
119 93 100
119 110 100
119 111 100
119 113 100
119 115 100
119 116 100
119 117 100
119 118 100
119 119 200
119 120 100
119 121 100
120 73 200
120 74 200
120 76 200
120 80 200
120 92 100
120 93 200
120 104 100
120 110 100
120 111 200
120 113 200
120 115 100
120 116 100
120 117 100
120 118 100
120 119 100
120 120 300
120 121 100
121 73 600
121 74 500
121 76 400
121 77 500
121 79 400
121 80 700
121 81 400
121 82 200
121 83 200
121 84 100
121 85 100
121 86 100
121 87 100
121 89 100
121 90 100
121 92 100
121 93 200
121 94 400
121 95 400
121 96 300
121 104 400
121 110 100
121 111 400
121 113 100
121 115 100
121 116 100
121 117 100
121 118 100
121 119 100
121 120 100
121 121 2300
121 122 700
121 127382 200
121 386454 200
121 445893 200
121 578811 100
121 610299 200
121 763767 200
121 773896 200
121 776260 200
121 803455 200
122 77 100
122 96 100
122 111 100
122 121 700
122 122 1600
